9.740000000000000000e+02,1.536699014968927024e+01,1.561220875524502638e+01,1.567766191051920543e+01,1.562058672728106501e+01,1.544798049441813070e+01,1.577115267092353079e+01,1.536917251097489689e+01,1.549856235896407242e+01,1.543374845928618555e+01,1.543595627871734521e+01,1.540692021276785262e+01,1.542545183351294824e+01,1.562512014502023483e+01,1.527296196414803653e+01,1.555415566206685085e+01,1.551807158470509052e+01,1.563918141043247800e+01,1.537929467412569018e+01,1.523089579396316040e+01,1.527174029846286452e+01,1.537277415156760263e+01
9.190000000000000000e+02,1.476695974035737180e+01,1.488340743339360195e+01,1.498176937318570445e+01,1.479804370838811600e+01,1.512420652921160702e+01,1.489120237715201256e+01,1.511079103695287351e+01,1.493168756236020656e+01,1.515630502215501352e+01,1.502936125675145185e+01,1.486350926758413316e+01,1.500015714151719060e+01,1.481406047680937554e+01,1.471632205725271625e+01,1.481105074080505268e+01,1.527359026591102520e+01,1.498776825934547041e+01,1.479315950072349217e+01,1.488163635469981116e+01,1.474576751214452663e+01,1.499453519281480673e+01
9.260000000000000000e+02,1.504863327903913728e+01,1.534511048985998549e+01,1.492006714425456160e+01,1.496482925945749543e+01,1.505729766156662919e+01,1.509620935666584174e+01,1.522782681938196525e+01,1.525957767558001699e+01,1.491288707704834060e+01,1.506755091942725677e+01,1.500847297614237696e+01,1.490770585418668226e+01,1.519621776698714655e+01,1.492863059138816340e+01,1.516647980894033410e+01,1.503366942279957996e+01,1.494382821212362700e+01,1.504959122074951594e+01,1.497165969952094144e+01,1.495628465936696294e+01,1.500624135440714291e+01
9.340000000000000000e+02,1.503340657710898221e+01,1.533942760330547372e+01,1.493810771566008633e+01,1.496482925945749543e+01,1.508182077554280021e+01,1.511088449155929325e+01,1.522218817490221632e+01,1.522691250393103246e+01,1.488524731642228183e+01,1.509199003840125464e+01,1.504787489476420070e+01,1.497420001181872706e+01,1.521332077834748908e+01,1.492318791882826901e+01,1.515193971153740371e+01,1.511433800541236039e+01,1.493793953085693715e+01,1.503959544189905273e+01,1.499965921236443656e+01,1.495774776740206846e+01,1.503441823762886997e+01
9.950000000000000000e+02,1.625237528423260969e+01,1.577061722990548098e+01,1.600521637266281516e+01,1.589920699963917627e+01,1.598543544226793856e+01,1.569708853561690276e+01,1.579021488396924866e+01,1.602729747593288323e+01,1.570920931461189340e+01,1.574698507634859013e+01,1.575018234614667101e+01,1.582892760394949505e+01,1.570924745976128278e+01,1.610610267883228630e+01,1.594309296624292038e+01,1.572444362986685640e+01,1.584980880027693573e+01,1.628489749670239206e+01,1.573752205668864335e+01,1.600545988372870099e+01,1.596122129673606516e+01
9.700000000000000000e+02,1.535990654353515517e+01,1.552213321441634442e+01,1.559745862349746481e+01,1.557257995781339410e+01,1.544564828068066475e+01,1.572244264814238157e+01,1.534538930336964846e+01,1.545895460863135717e+01,1.537226368657985276e+01,1.537507508741694195e+01,1.535514786237685492e+01,1.537866759312644405e+01,1.560072702002538669e+01,1.523415471983805070e+01,1.552483650425846307e+01,1.549354383617649589e+01,1.559730661488131709e+01,1.536726043567039213e+01,1.517503287537793177e+01,1.525950691889401156e+01,1.536522316671809740e+01
9.020000000000000000e+02,1.475760696754386103e+01,1.486047105886056308e+01,1.498008909100929031e+01,1.479564330527895244e+01,1.512395070179347734e+01,1.487846522024614870e+01,1.509183721166605174e+01,1.490119627446906669e+01,1.516972925541525896e+01,1.503831725304692668e+01,1.487026084368354439e+01,1.501179147700940320e+01,1.478301601481638272e+01,1.469309455343522508e+01,1.481899856779467939e+01,1.527359026591102520e+01,1.499347493247984708e+01,1.479132646562194964e+01,1.486067359427465462e+01,1.475180839602294824e+01,1.497453465985428522e+01
9.290000000000000000e+02,1.505261228735749590e+01,1.538724994696641168e+01,1.500270537924358116e+01,1.502135611074903920e+01,1.509583085795372170e+01,1.515587176102786415e+01,1.521404449357961930e+01,1.528002458838404287e+01,1.491526008144115600e+01,1.511335651434734118e+01,1.504599340884282554e+01,1.497589647705253846e+01,1.524262966825803822e+01,1.494582112163879906e+01,1.517733354452267314e+01,1.513963254568248473e+01,1.494215372770378991e+01,1.507802530109005446e+01,1.502386591481427303e+01,1.499284437179590590e+01,1.503076394233296753e+01
9.580000000000000000e+02,1.468235033812609913e+01,1.486803127782156153e+01,1.503944537338070653e+01,1.506619951631252086e+01,1.480335271997433111e+01,1.467398767107412461e+01,1.461699502232413650e+01,1.475534866138623258e+01,1.472614013118610643e+01,1.475685248897841539e+01,1.448919456172089504e+01,1.441930619290924476e+01,1.472026778117043300e+01,1.472004065876521572e+01,1.464641613619557781e+01,1.457178521256117421e+01,1.470879470264637057e+01,1.458198726421231406e+01,1.453330528808713851e+01,1.467686445597787248e+01,1.488181223688552457e+01
9.380000000000000000e+02,1.501406200515508438e+01,1.533956583024288811e+01,1.488813398351474859e+01,1.496706123221571438e+01,1.505329173144349042e+01,1.508092624475965948e+01,1.522218817490221632e+01,1.521664471619875414e+01,1.488800832663799945e+01,1.504204891832652002e+01,1.499119444231659593e+01,1.489626822454377297e+01,1.517656805167920275e+01,1.491837846617826102e+01,1.513088674447102200e+01,1.501581371528037678e+01,1.492878734360403392e+01,1.501046787439877406e+01,1.494466896326833272e+01,1.494866461875932906e+01,1.499545579106139748e+01
9.070000000000000000e+02,1.484746734940888580e+01,1.492569826355759943e+01,1.511231980687055376e+01,1.494097035052156741e+01,1.524950253832949798e+01,1.496611647370610854e+01,1.517211619889735097e+01,1.498782433421457227e+01,1.525709708507623397e+01,1.511668664935010931e+01,1.494108874112853158e+01,1.509005453123398866e+01,1.491434435325333929e+01,1.469741717822946647e+01,1.490521711018988604e+01,1.533693947282961112e+01,1.514292589041140147e+01,1.479132646562194964e+01,1.493467247323597391e+01,1.486830672655584706e+01,1.509676502865793601e+01
9.350000000000000000e+02,1.503340657710898221e+01,1.533942760330547372e+01,1.493810771566008633e+01,1.496482925945749543e+01,1.508182077554280021e+01,1.511088449155929325e+01,1.522218817490221632e+01,1.522691250393103246e+01,1.488524731642228183e+01,1.509199003840125464e+01,1.504787489476420070e+01,1.497420001181872706e+01,1.521332077834748908e+01,1.492318791882826901e+01,1.515193971153740371e+01,1.511433800541236039e+01,1.493793953085693715e+01,1.503959544189905273e+01,1.499965921236443656e+01,1.495774776740206846e+01,1.503441823762886997e+01
9.520000000000000000e+02,1.469572291575321543e+01,1.486320526613259752e+01,1.511024795503022311e+01,1.508821256276152845e+01,1.483850357259663966e+01,1.469960388399854878e+01,1.462216623759649181e+01,1.473966799387114968e+01,1.477452710198040542e+01,1.477457539331908265e+01,1.451709217469491797e+01,1.448439531088869892e+01,1.472095276203155301e+01,1.473055424541433922e+01,1.469684741887748203e+01,1.461779835481037004e+01,1.474761569622200419e+01,1.462990633050283051e+01,1.455253752121951649e+01,1.470158169793448621e+01,1.489179919608741365e+01
9.250000000000000000e+02,1.500809679811633401e+01,1.536144693832808805e+01,1.492793645526335133e+01,1.496706123221571438e+01,1.507823853036750528e+01,1.512768954559663470e+01,1.521788948069186453e+01,1.524321957878726330e+01,1.488028728464110273e+01,1.506558039233878787e+01,1.500679564012426326e+01,1.492620438325259080e+01,1.520864250743865220e+01,1.490861721829667097e+01,1.514235310596732198e+01,1.507901652066961695e+01,1.492585641573334065e+01,1.504030574906041018e+01,1.496168274723509484e+01,1.496593917777396143e+01,1.502187004874565091e+01
9.010000000000000000e+02,1.479485222579151937e+01,1.487023851886753079e+01,1.499622059632032212e+01,1.480182456399025348e+01,1.514874423441463236e+01,1.488358830208769845e+01,1.511920302908822400e+01,1.492663213267708855e+01,1.521477989682635190e+01,1.503207630286397922e+01,1.486982098176517120e+01,1.502905228442657304e+01,1.479858937009150388e+01,1.471260908708573645e+01,1.481345883563649046e+01,1.528388782305881932e+01,1.501505964589713749e+01,1.479226158413999137e+01,1.487445589331010609e+01,1.477512028743660721e+01,1.501234089158593221e+01
9.470000000000000000e+02,1.469617940323684735e+01,1.486244544355297670e+01,1.503908699675359806e+01,1.506221679150036152e+01,1.480944029185493704e+01,1.467339981284292527e+01,1.461443006689336954e+01,1.474719404971568082e+01,1.473798207220731982e+01,1.476591814730337227e+01,1.451426951394834397e+01,1.443054101780819032e+01,1.471462127533897579e+01,1.473705954735271995e+01,1.465526676854426924e+01,1.456837221722080145e+01,1.471559673508957111e+01,1.457760284506604620e+01,1.452630544113069533e+01,1.467982820493044649e+01,1.488402677585301781e+01
9.320000000000000000e+02,1.504886524650420832e+01,1.538181140977969008e+01,1.497059829153628208e+01,1.501432013374766150e+01,1.508370331035593814e+01,1.509416345472677534e+01,1.522234799038364805e+01,1.527627796589058562e+01,1.492032405203655010e+01,1.505684656926822207e+01,1.501292264929141140e+01,1.493029915115519657e+01,1.517281962060159195e+01,1.496530591010045974e+01,1.517125534519124486e+01,1.507549932644741197e+01,1.495630604418399834e+01,1.512442828154108376e+01,1.498343341887382607e+01,1.500074909405254076e+01,1.500923957276905796e+01
9.280000000000000000e+02,1.501560639696992006e+01,1.534121318151204960e+01,1.492793645526335133e+01,1.496706123221571438e+01,1.508182077554280021e+01,1.511237247339810530e+01,1.522218817490221632e+01,1.521338170412562896e+01,1.488524731642228183e+01,1.509191953655055407e+01,1.503778286860869073e+01,1.496276238217581422e+01,1.521523389785453340e+01,1.492062485427256924e+01,1.514449777164443312e+01,1.511433800541236039e+01,1.493117413095423629e+01,1.501046787439877406e+01,1.499211889438026546e+01,1.495012772679443458e+01,1.502566301422537265e+01
9.830000000000000000e+02,1.625695412019630481e+01,1.577286215971754402e+01,1.600956423789138228e+01,1.587869623431258503e+01,1.598072161248596323e+01,1.568887958785414405e+01,1.579021488396924866e+01,1.603262233161934702e+01,1.570881812969666846e+01,1.574792308789346329e+01,1.574796158950264946e+01,1.582284440622391308e+01,1.569166680376705791e+01,1.611359531950015267e+01,1.595199267785574726e+01,1.572444362986685640e+01,1.585108250983000744e+01,1.628027379153580512e+01,1.574431502397543348e+01,1.599581688055685724e+01,1.595490518787263490e+01
9.530000000000000000e+02,1.466708795553800115e+01,1.485259518529787393e+01,1.503921931451269423e+01,1.504887476150870462e+01,1.478688208206790478e+01,1.466508621763456865e+01,1.462014986404077099e+01,1.472388387400630272e+01,1.472614013118610643e+01,1.476022647461015325e+01,1.448766210908274310e+01,1.441930619290924476e+01,1.471065901423845546e+01,1.469459990768985946e+01,1.464203061215068047e+01,1.456495164430589462e+01,1.470867139780927069e+01,1.455534533789328400e+01,1.453121167212077403e+01,1.465673033171501238e+01,1.486172358701033325e+01
9.640000000000000000e+02,1.540384468848990984e+01,1.552426826088547251e+01,1.563205997923613033e+01,1.561082794283567843e+01,1.548008401231567888e+01,1.574109934465305294e+01,1.536447444322955924e+01,1.549961296916780107e+01,1.538920436108935874e+01,1.542573070306746352e+01,1.537374361988090321e+01,1.538637371103101259e+01,1.563579855697569698e+01,1.525009061443960334e+01,1.556020253114116159e+01,1.550243551068176728e+01,1.564435477116741602e+01,1.538789799905923772e+01,1.519065787537793177e+01,1.528985242015912682e+01,1.542422515149793760e+01
9.000000000000000000e+02,1.504978018225527414e+01,1.490833213813724534e+01,1.503586731119440856e+01,1.485034179317096203e+01,1.520127083911020449e+01,1.496677835932258382e+01,1.520373171846120464e+01,1.503059994617376383e+01,1.519816222201959732e+01,1.523567717910234443e+01,1.489804562874516947e+01,1.505577818341775043e+01,1.491912489863992697e+01,1.481462892262464770e+01,1.498889183025097260e+01,1.534131858089391365e+01,1.514723614655342665e+01,1.484741311925170670e+01,1.501000336231975574e+01,1.490356224126949058e+01,1.520874176551886414e+01
9.920000000000000000e+02,1.625237528423260969e+01,1.577061722990548098e+01,1.600521637266281516e+01,1.589920699963917627e+01,1.598543544226793856e+01,1.569708853561690276e+01,1.579021488396924866e+01,1.602729747593288323e+01,1.570920931461189340e+01,1.574698507634859013e+01,1.575018234614667101e+01,1.582892760394949505e+01,1.570924745976128278e+01,1.610610267883228630e+01,1.594309296624292038e+01,1.572444362986685640e+01,1.584980880027693573e+01,1.628489749670239206e+01,1.573752205668864335e+01,1.600545988372870099e+01,1.596122129673606516e+01
9.910000000000000000e+02,1.625579867220592689e+01,1.577243555773032391e+01,1.603157047587546558e+01,1.591136873117612538e+01,1.599781808967270536e+01,1.571757900404630170e+01,1.579021488396924866e+01,1.603764250922947454e+01,1.572586408899493016e+01,1.574418659613697891e+01,1.575517766028566058e+01,1.584370076867465649e+01,1.570521081020086385e+01,1.610610267883228630e+01,1.596487711468249771e+01,1.572278100928073918e+01,1.587315852467938804e+01,1.628529396914593974e+01,1.574681545621919732e+01,1.601712290851171971e+01,1.598317362783067175e+01
9.310000000000000000e+02,1.506120568992095166e+01,1.540256017075858708e+01,1.501146485482582982e+01,1.500563910972289960e+01,1.510557906668607053e+01,1.512677215512907303e+01,1.522352812517161347e+01,1.532643399151796615e+01,1.493418321323593645e+01,1.507282565472968905e+01,1.500594984005165777e+01,1.492616250554926260e+01,1.519161202319034132e+01,1.496338918015974251e+01,1.521175436862644048e+01,1.507248150011834475e+01,1.496849066260158345e+01,1.514547189142971462e+01,1.499113562709224290e+01,1.501295569404651076e+01,1.502855588905215001e+01
9.770000000000000000e+02,1.534679758536655747e+01,1.559251361079284948e+01,1.564276295384001259e+01,1.560103860364071693e+01,1.545864219132673867e+01,1.575812058849663089e+01,1.535900513112991383e+01,1.546049076985949711e+01,1.540153403773616247e+01,1.543675873499407736e+01,1.540514053901229552e+01,1.540667836937175572e+01,1.562512014502023483e+01,1.528582594141420792e+01,1.552617492471499894e+01,1.551811187977070361e+01,1.563809835396003223e+01,1.539767178450593299e+01,1.517683071127420291e+01,1.526896561845295786e+01,1.537799678861110486e+01
9.500000000000000000e+02,1.469197687087080695e+01,1.485808267210894051e+01,1.506998304828730006e+01,1.505491149531290773e+01,1.482216380672667455e+01,1.468890549511031374e+01,1.461911242752304929e+01,1.474125822734843005e+01,1.474874892181527208e+01,1.476942991777563385e+01,1.452250298717795474e+01,1.445144581147420482e+01,1.471082170890524665e+01,1.471644165733825993e+01,1.468248454246883306e+01,1.458078415710530429e+01,1.474200387476016516e+01,1.458727672770311301e+01,1.454648406379430803e+01,1.467615524356820167e+01,1.489475933629692861e+01
9.540000000000000000e+02,1.468143017348595691e+01,1.486320526613259752e+01,1.508480784413200837e+01,1.506277245186331548e+01,1.481799944489162613e+01,1.469440249173230661e+01,1.461814061817582378e+01,1.473966799387114968e+01,1.474410420082892514e+01,1.476538332106992968e+01,1.449801614018119267e+01,1.444087750583670626e+01,1.472095276203155301e+01,1.469459990768985946e+01,1.467372137183288849e+01,1.457966283862773338e+01,1.473925926690459320e+01,1.458727672770311301e+01,1.454648406379430803e+01,1.467354387694982343e+01,1.488629183957021596e+01
9.810000000000000000e+02,1.629400306970626389e+01,1.582832169994622440e+01,1.605100584596598878e+01,1.592893473764893919e+01,1.601382544683938391e+01,1.578799172927249828e+01,1.579021488396924866e+01,1.603614167627582177e+01,1.575279414752860596e+01,1.580472192144418031e+01,1.584633369015140580e+01,1.592479684889711145e+01,1.572944931011467595e+01,1.616841671835634031e+01,1.596797606431684891e+01,1.572444362986685640e+01,1.590818056154077276e+01,1.633175813392272957e+01,1.573568574675542564e+01,1.606249808873911178e+01,1.601218264402893965e+01
9.240000000000000000e+02,1.501560639696992006e+01,1.534121318151204960e+01,1.492793645526335133e+01,1.496706123221571438e+01,1.508182077554280021e+01,1.511237247339810530e+01,1.522218817490221632e+01,1.521338170412562896e+01,1.488524731642228183e+01,1.509191953655055407e+01,1.503778286860869073e+01,1.496276238217581422e+01,1.521523389785453340e+01,1.492062485427256924e+01,1.514449777164443312e+01,1.511433800541236039e+01,1.493117413095423629e+01,1.501046787439877406e+01,1.499211889438026546e+01,1.495012772679443458e+01,1.502566301422537265e+01
9.860000000000000000e+02,1.626218732025970581e+01,1.582563227565439590e+01,1.602642914099221727e+01,1.593021429586286253e+01,1.598919847700920194e+01,1.574645619426509136e+01,1.579021488396924866e+01,1.602687237192153091e+01,1.571543273547305120e+01,1.579374447826564598e+01,1.578684239699853897e+01,1.586704445696571320e+01,1.572814851215120946e+01,1.617165901110657700e+01,1.594413226232417458e+01,1.572444362986685640e+01,1.587683433999730909e+01,1.629424264916606546e+01,1.573752205668864335e+01,1.603471192072762719e+01,1.596836184425512073e+01
9.940000000000000000e+02,1.629320949939896934e+01,1.577299491125565645e+01,1.602722261064689846e+01,1.592777344010797513e+01,1.601896645507784456e+01,1.575208274373833106e+01,1.579021488396924866e+01,1.603614167627582177e+01,1.575279414752860596e+01,1.575802702864755744e+01,1.580676348635493866e+01,1.589457984618740127e+01,1.573495405096893585e+01,1.610934497158252299e+01,1.596619344883093206e+01,1.572278100928073918e+01,1.588756687680994517e+01,1.633175813392272957e+01,1.574002248893240719e+01,1.606655421357909219e+01,1.601225853711179070e+01
9.200000000000000000e+02,1.515642561624922102e+01,1.550021626918922912e+01,1.505910261131438510e+01,1.510663173495817801e+01,1.517023169631070800e+01,1.521739897360402338e+01,1.537834397834291877e+01,1.540223506292025313e+01,1.504805458941228657e+01,1.516394234033607447e+01,1.507746808009385120e+01,1.505162122408237302e+01,1.529075084958479991e+01,1.507878426183215304e+01,1.530758355090123857e+01,1.513353449568321984e+01,1.505517928099907188e+01,1.516483242535849207e+01,1.508708055956052618e+01,1.506656146205164859e+01,1.513918924970925772e+01
9.130000000000000000e+02,1.484746734940888580e+01,1.492569826355759943e+01,1.511231980687055376e+01,1.494097035052156741e+01,1.524950253832949798e+01,1.496611647370610854e+01,1.517211619889735097e+01,1.498782433421457227e+01,1.525709708507623397e+01,1.511668664935010931e+01,1.494108874112853158e+01,1.509005453123398866e+01,1.491434435325333929e+01,1.469741717822946647e+01,1.490521711018988604e+01,1.533693947282961112e+01,1.514292589041140147e+01,1.479132646562194964e+01,1.493467247323597391e+01,1.486830672655584706e+01,1.509676502865793601e+01
9.730000000000000000e+02,1.536582725680153771e+01,1.554793052973264267e+01,1.564920326469188261e+01,1.559212808145374218e+01,1.545352026650298427e+01,1.572846470218254566e+01,1.537254028453733845e+01,1.549856235896407242e+01,1.542356564213170422e+01,1.539378000805838553e+01,1.537652167982328955e+01,1.539654531810361604e+01,1.560072702002538669e+01,1.523415471983805070e+01,1.555169569736231416e+01,1.551646142532207406e+01,1.562014303159912210e+01,1.536726043567039213e+01,1.522693246131692391e+01,1.525677876673859679e+01,1.536835403534163369e+01
9.050000000000000000e+02,1.476622507934597017e+01,1.486047105886056308e+01,1.502702879351545739e+01,1.485924349510705689e+01,1.515361894796485132e+01,1.492531739672557478e+01,1.509500713651516079e+01,1.494341779792205926e+01,1.523245664408413447e+01,1.504984515350237473e+01,1.491241474842497361e+01,1.502860345185082913e+01,1.483753046324047098e+01,1.469741717822946647e+01,1.482814902461329254e+01,1.527573512159828439e+01,1.503759229907681672e+01,1.479132646562194964e+01,1.487211166529792550e+01,1.478080550879009003e+01,1.502112574087047747e+01
9.080000000000000000e+02,1.477685109076086079e+01,1.487023851886753079e+01,1.499622059632032212e+01,1.479934417736597219e+01,1.515564359454374888e+01,1.489214125329967153e+01,1.511920302908822400e+01,1.489988160621704338e+01,1.522447758897105352e+01,1.503198222708612697e+01,1.487723686399347400e+01,1.503745695095198265e+01,1.479646332441354950e+01,1.471260908708573645e+01,1.481336475985863821e+01,1.528603267874607852e+01,1.501943716218758063e+01,1.479226158413999137e+01,1.487433829858779433e+01,1.476470184361182980e+01,1.502139695757507809e+01
9.600000000000000000e+02,1.561674895872502233e+01,1.579110339321431056e+01,1.582397112811594475e+01,1.573396072104123711e+01,1.563763262924940811e+01,1.586980959267655322e+01,1.553284818124322442e+01,1.567230135736949670e+01,1.555012825388661568e+01,1.553440504228098540e+01,1.556668685858351253e+01,1.559550662453144021e+01,1.578490634043493834e+01,1.534288680316889142e+01,1.570598008620185304e+01,1.565993186080366861e+01,1.580509381053513351e+01,1.550680163977773951e+01,1.542663635750887430e+01,1.547236536813449348e+01,1.555126098520719680e+01
9.900000000000000000e+02,1.625990761429557452e+01,1.576792780561365070e+01,1.600264590567312339e+01,1.590019022133837723e+01,1.599228188515298044e+01,1.569757683070944410e+01,1.579962110266817277e+01,1.602363007917129423e+01,1.571543273547305120e+01,1.574698507634859013e+01,1.575691910676159324e+01,1.583407692367958752e+01,1.570241359113022206e+01,1.610934497158252299e+01,1.593843044422304445e+01,1.573212953147306692e+01,1.585208420333687940e+01,1.629100035641582522e+01,1.573752205668864335e+01,1.601603941783587359e+01,1.596626389012261527e+01
9.630000000000000000e+02,1.540561109946412799e+01,1.560854144635262308e+01,1.567189731164507371e+01,1.561396388695011161e+01,1.551593625803461585e+01,1.578892770510517174e+01,1.546585871664075462e+01,1.548600603165572842e+01,1.544339602805897194e+01,1.546660059852073310e+01,1.545176100115351403e+01,1.550254128208143634e+01,1.565828303185827863e+01,1.537245394878715565e+01,1.554625706825392584e+01,1.555505437628608156e+01,1.566999659601269279e+01,1.545475499345215376e+01,1.527430431133558564e+01,1.530040434512194203e+01,1.541976944968391017e+01
9.750000000000000000e+02,1.540097672869737977e+01,1.562233687768951818e+01,1.565803428263932950e+01,1.560103860364071693e+01,1.551740127392348789e+01,1.582417006378759794e+01,1.544871230831683206e+01,1.551522320499809204e+01,1.545226671123276496e+01,1.546246213232959121e+01,1.550568670745780508e+01,1.552703057216535498e+01,1.566155611521626589e+01,1.530650898729034637e+01,1.555148239738037752e+01,1.558138156672944064e+01,1.567145724923850025e+01,1.546302863299331953e+01,1.526241639831078523e+01,1.533732450035752848e+01,1.542260811896530548e+01
9.160000000000000000e+02,1.478582923429459228e+01,1.487672708450898718e+01,1.498832573035021376e+01,1.479564330527895244e+01,1.514411737339780650e+01,1.488395631314009826e+01,1.512070424958073289e+01,1.490119627446906669e+01,1.520698282219023412e+01,1.504675951064359651e+01,1.487026084368354439e+01,1.502940217146186086e+01,1.480188461601544425e+01,1.472143176157372402e+01,1.481899856779467939e+01,1.529234721858228241e+01,1.501548840375596860e+01,1.479132646562194964e+01,1.487591361832004822e+01,1.475180839602294824e+01,1.500000557566135662e+01
9.100000000000000000e+02,1.488400620949376396e+01,1.487598888281136489e+01,1.502258438382817296e+01,1.481535243302217530e+01,1.513370340802399383e+01,1.491215973208394985e+01,1.509781198107279998e+01,1.496336143164805321e+01,1.514712181544606651e+01,1.508599763047257625e+01,1.485710693682637462e+01,1.499177450035146997e+01,1.484125175418576070e+01,1.470676981643813797e+01,1.487119149951590202e+01,1.530913900348967083e+01,1.504530578842805433e+01,1.483292265303399482e+01,1.493684622464382450e+01,1.481265801149931249e+01,1.504538413037586864e+01
9.090000000000000000e+02,1.475760696754386103e+01,1.486047105886056308e+01,1.498008909100929031e+01,1.479564330527895244e+01,1.512395070179347734e+01,1.487846522024614870e+01,1.509183721166605174e+01,1.490119627446906669e+01,1.516972925541525896e+01,1.503831725304692668e+01,1.487026084368354439e+01,1.501179147700940320e+01,1.478301601481638272e+01,1.469309455343522508e+01,1.481899856779467939e+01,1.527359026591102520e+01,1.499347493247984708e+01,1.479132646562194964e+01,1.486067359427465462e+01,1.475180839602294824e+01,1.497453465985428522e+01
9.120000000000000000e+02,1.489258294090294932e+01,1.489413699950032033e+01,1.509038437225335372e+01,1.490204362558233697e+01,1.525148352865287293e+01,1.497732839423885132e+01,1.517816754623397202e+01,1.496107380775452533e+01,1.524739634471160343e+01,1.524632341424054083e+01,1.493722542596021441e+01,1.505008595886069322e+01,1.488097858901971371e+01,1.470291111158208430e+01,1.496074721768979110e+01,1.531645014203828481e+01,1.511086897848007204e+01,1.479132646562194964e+01,1.488882984826360101e+01,1.485447179617247038e+01,1.525029961042581661e+01
9.150000000000000000e+02,1.478290118171353917e+01,1.486047105886056308e+01,1.501879215417453395e+01,1.485973633273670202e+01,1.513406590376062155e+01,1.490543579410158159e+01,1.507989588327208530e+01,1.497016832438210798e+01,1.519329467106820175e+01,1.503741325995113698e+01,1.489881792188341336e+01,1.500125238670976024e+01,1.483795289549445329e+01,1.467681092380708918e+01,1.481809457469888969e+01,1.527359026591102520e+01,1.501471995372902946e+01,1.479132646562194964e+01,1.487073859827426148e+01,1.478443833991692102e+01,1.500309173805415419e+01
9.430000000000000000e+02,1.464898152689451649e+01,1.480317333786760692e+01,1.509015603906507685e+01,1.508565774860447561e+01,1.477900992124973634e+01,1.469832383715317548e+01,1.460739180949263805e+01,1.467079803857612319e+01,1.478142323650904011e+01,1.477040142702006165e+01,1.443763069657402554e+01,1.445118205471813688e+01,1.468427424830249706e+01,1.476923609214168387e+01,1.465468400440549068e+01,1.455816078271197966e+01,1.472056005360269637e+01,1.461409856545669150e+01,1.455227380573704998e+01,1.469474833089920907e+01,1.486206772491321892e+01
9.400000000000000000e+02,1.474171128730282732e+01,1.493144061678108159e+01,1.517286529376312565e+01,1.509494165224420748e+01,1.490984872156555952e+01,1.474786055062041079e+01,1.471918145395962974e+01,1.479064377026036858e+01,1.482722594482551948e+01,1.485991317985239846e+01,1.455329537824020925e+01,1.453056926090576972e+01,1.477832063260950157e+01,1.490225685164039682e+01,1.472398229658211655e+01,1.469091920963319353e+01,1.486454717666927472e+01,1.468939444065442856e+01,1.462277481544917102e+01,1.468867051820958558e+01,1.499993258582602174e+01
9.110000000000000000e+02,1.477583875682479864e+01,1.487215358743512361e+01,1.504952130383415998e+01,1.487433949345490269e+01,1.515293315036869792e+01,1.492475336212939396e+01,1.510614927938603813e+01,1.494341779792205926e+01,1.521305821157480054e+01,1.506224220607466613e+01,1.490741195550978659e+01,1.502924509956068277e+01,1.485723219005334172e+01,1.469741717822946647e+01,1.482705057099436452e+01,1.529372906116250164e+01,1.502639840948292616e+01,1.479132646562194964e+01,1.487073859827426148e+01,1.477706721181918681e+01,1.501022041432049647e+01
9.880000000000000000e+02,1.625600785296204265e+01,1.577061722990548098e+01,1.600521637266281516e+01,1.595230312010305873e+01,1.602453710144042986e+01,1.569716021241737280e+01,1.583705086281567453e+01,1.602729747593288323e+01,1.576325082866546090e+01,1.578165149496516051e+01,1.578954316614048459e+01,1.587942256575300704e+01,1.571391790527055221e+01,1.611204688220772141e+01,1.594201226286194562e+01,1.577601471619788320e+01,1.585278090196465506e+01,1.628489749670239206e+01,1.577942356433260329e+01,1.603899427560062563e+01,1.596514343906184585e+01
9.790000000000000000e+02,1.537827327395777033e+01,1.555599055428279698e+01,1.563978029833053007e+01,1.561490163264645936e+01,1.546401501110327992e+01,1.573229036760847421e+01,1.534538930336964846e+01,1.545895460863135717e+01,1.537226368657985276e+01,1.540046809231678182e+01,1.535514786237685492e+01,1.537866759312644405e+01,1.561338837362464993e+01,1.526420936962051478e+01,1.552483650425846307e+01,1.549354383617649589e+01,1.559730661488131709e+01,1.536726043567039213e+01,1.519569544710337539e+01,1.526883633733557666e+01,1.536522316671809740e+01
9.210000000000000000e+02,1.501406200515508438e+01,1.533956583024288811e+01,1.492793645526335133e+01,1.496706123221571438e+01,1.508182077554280021e+01,1.510945528885896927e+01,1.522218817490221632e+01,1.521338170412562896e+01,1.488524731642228183e+01,1.506772505801589901e+01,1.500931877621498245e+01,1.493050307746294258e+01,1.521324825123545743e+01,1.491837846617826102e+01,1.514449777164443312e+01,1.507901652066961695e+01,1.492878734360403392e+01,1.501046787439877406e+01,1.496168274723509484e+01,1.494866461875932906e+01,1.502566301422537265e+01
9.980000000000000000e+02,1.629238354626420104e+01,1.577104383189270287e+01,1.600521637266281516e+01,1.589920699963917627e+01,1.600815240225060521e+01,1.573164715303082062e+01,1.579021488396924866e+01,1.602787920591545401e+01,1.574017133383341793e+01,1.576176352040404183e+01,1.580292982103310351e+01,1.588364007431823843e+01,1.572492952144490985e+01,1.611359531950015267e+01,1.595787141029837208e+01,1.572444362986685640e+01,1.586810453890783457e+01,1.632349566356235826e+01,1.573752205668864335e+01,1.604899073032551016e+01,1.598527454848242613e+01
9.030000000000000000e+02,1.477551019840503521e+01,1.487215358743512361e+01,1.504952130383415998e+01,1.487384665582525578e+01,1.516816363342424978e+01,1.494031240360471102e+01,1.510614927938603813e+01,1.494341779792205926e+01,1.523245664408413447e+01,1.506334065969359415e+01,1.492224605095810119e+01,1.504605707440210871e+01,1.485680975779935942e+01,1.469741717822946647e+01,1.482814902461329254e+01,1.529587391684976083e+01,1.503759229907681672e+01,1.479132646562194964e+01,1.487211166529792550e+01,1.479002855766474234e+01,1.502669469352965415e+01
9.390000000000000000e+02,1.503415390331658585e+01,1.533956583024288811e+01,1.488813398351474859e+01,1.496706123221571438e+01,1.505962219497501309e+01,1.508092624475965948e+01,1.522914253042637611e+01,1.522700365652306864e+01,1.489677358383549866e+01,1.507104481049336542e+01,1.499789728605585815e+01,1.489626822454377297e+01,1.517656805167920275e+01,1.492786167825665977e+01,1.514896945281637741e+01,1.502457897247787422e+01,1.493396681376618851e+01,1.501046787439877406e+01,1.494466896326833272e+01,1.494866461875932906e+01,1.502286576163607279e+01
9.480000000000000000e+02,1.469572291575321543e+01,1.486995727161785297e+01,1.511024795503022311e+01,1.508821256276152845e+01,1.484177835479848540e+01,1.470850533743810828e+01,1.462570300237448251e+01,1.474887527407831911e+01,1.477452710198040542e+01,1.477752269730074453e+01,1.451709217469491797e+01,1.448439531088869892e+01,1.472474215286511523e+01,1.473537710647523724e+01,1.469979472285914390e+01,1.462233266862831016e+01,1.474761569622200419e+01,1.463429074964909837e+01,1.455953736817595967e+01,1.470412004586127175e+01,1.489838728734053674e+01
9.890000000000000000e+02,1.625095218949253351e+01,1.577061722990548098e+01,1.600521637266281516e+01,1.594137646676963094e+01,1.601939609320197277e+01,1.568696354070940302e+01,1.583705086281567453e+01,1.602729747593288323e+01,1.576325082866546090e+01,1.578158698584473463e+01,1.579089047496566245e+01,1.587333936802742151e+01,1.569805206366681105e+01,1.611204688220772141e+01,1.593853056794873524e+01,1.577767733678399864e+01,1.584864445003505118e+01,1.628489749670239206e+01,1.577508682215562175e+01,1.602730365547155245e+01,1.596506754597899480e+01
9.370000000000000000e+02,1.506872517720064053e+01,1.537468337329289803e+01,1.492006714425456160e+01,1.496482925945749543e+01,1.506583523623777054e+01,1.510853179588462147e+01,1.526829330005453045e+01,1.526993661590433327e+01,1.493676017085499907e+01,1.511842440392879894e+01,1.504211310119753620e+01,1.492249278124922007e+01,1.521387429381390355e+01,1.493756458484840621e+01,1.518654891731134526e+01,1.504243467999707740e+01,1.494900768228578336e+01,1.508760992819107472e+01,1.500097190461548280e+01,1.498305956894726521e+01,1.504484899975354040e+01
9.990000000000000000e+02,1.626235890929476824e+01,1.577017273542571374e+01,1.602900000888577026e+01,1.591859279208072131e+01,1.599924144916663415e+01,1.572012722967414788e+01,1.579021488396924866e+01,1.603455684245045987e+01,1.573119844973306591e+01,1.574792308789346329e+01,1.575875402122311542e+01,1.584474690248229045e+01,1.570372623231728504e+01,1.611683761225039291e+01,1.596553380462250615e+01,1.572444362986685640e+01,1.587490857403027356e+01,1.629197855884194368e+01,1.574816633544541666e+01,1.602920532467524239e+01,1.598783687214666216e+01
9.270000000000000000e+02,1.504791362552816381e+01,1.533778025203631223e+01,1.488000337528855965e+01,1.495229471801488863e+01,1.504848404061988276e+01,1.508083465000832213e+01,1.522412871384933375e+01,1.523424282667721741e+01,1.487583714456495088e+01,1.507123926264211455e+01,1.500061992810920763e+01,1.489434006896052587e+01,1.516928298583961165e+01,1.490785404212322085e+01,1.513790954667002708e+01,1.500337173962802950e+01,1.493742638445549531e+01,1.502386176381497229e+01,1.493989887738616495e+01,1.494969099990713346e+01,1.502734285311634821e+01
9.330000000000000000e+02,1.507085713949400407e+01,1.542244467350774428e+01,1.501800190986240580e+01,1.500185524019107142e+01,1.513899872735478880e+01,1.518304928212999805e+01,1.528182610577519895e+01,1.527553484334467271e+01,1.490004794657439646e+01,1.514525988096197295e+01,1.514099523011301862e+01,1.501715857591153558e+01,1.523858926222305676e+01,1.499392755720218240e+01,1.518251868250795766e+01,1.513955129828002200e+01,1.499931761964751509e+01,1.507674880684162488e+01,1.507129320781977455e+01,1.499040278095986523e+01,1.508826403785402270e+01
9.970000000000000000e+02,1.629580693423751825e+01,1.577104383189270287e+01,1.602722261064689846e+01,1.591607815566328021e+01,1.601734055560871539e+01,1.575208274373833106e+01,1.579021488396924866e+01,1.603348111350815941e+01,1.575279414752860596e+01,1.576182802952446949e+01,1.581123525209248193e+01,1.589457984618740127e+01,1.572492952144490985e+01,1.611359531950015267e+01,1.596999444970784410e+01,1.572278100928073918e+01,1.588756687680994517e+01,1.632909757115506011e+01,1.574002248893240719e+01,1.605762739232747904e+01,1.601053699649742157e+01
9.650000000000000000e+02,1.536009194993348359e+01,1.553777171332862217e+01,1.563611355429246608e+01,1.559212808145374218e+01,1.544119323717398728e+01,1.572846470218254566e+01,1.536102780228192799e+01,1.548428267489197907e+01,1.541148283253224527e+01,1.537106554826093330e+01,1.535785314048515282e+01,1.537866759312644405e+01,1.560072702002538669e+01,1.523415471983805070e+01,1.554172043718740248e+01,1.548737531439802417e+01,1.561005966995064220e+01,1.536726043567039213e+01,1.519613779153910649e+01,1.524733638370905453e+01,1.535780078372037849e+01
9.800000000000000000e+02,1.628791872943113006e+01,1.580384800813257051e+01,1.603734883670734135e+01,1.592583586265687323e+01,1.605264887547284758e+01,1.575050338416375340e+01,1.584102122647927224e+01,1.602837320487518369e+01,1.572876951090826836e+01,1.580040337418018304e+01,1.582337603989168429e+01,1.587571459616809655e+01,1.571391147028914759e+01,1.614245958882505150e+01,1.604132769795477742e+01,1.584154707315921584e+01,1.588528835835395370e+01,1.633339907781852318e+01,1.584894156989629010e+01,1.606342808662426691e+01,1.600206225221691625e+01
9.690000000000000000e+02,1.536636844602315044e+01,1.553882393803359108e+01,1.561430430801268976e+01,1.557164221211704636e+01,1.547669360459364185e+01,1.576039548638142840e+01,1.542485882620019488e+01,1.546934640023828855e+01,1.540885225939995173e+01,1.539318808288797769e+01,1.541580777144613457e+01,1.544407341861471572e+01,1.562663503204648485e+01,1.526591150119642215e+01,1.553251287233453581e+01,1.552545149276740410e+01,1.563346406993250248e+01,1.545475499345215376e+01,1.521813590015172757e+01,1.528528789681958244e+01,1.538359307576576995e+01
9.420000000000000000e+02,1.464628238813635797e+01,1.481447552659934352e+01,1.509756742298077192e+01,1.510545296471352295e+01,1.479162890913036676e+01,1.469714854680083960e+01,1.460385504471464557e+01,1.468257401664560469e+01,1.478598408814946552e+01,1.477124216370642174e+01,1.441811021998269915e+01,1.442905884791463578e+01,1.470074613396938012e+01,1.478503112109524587e+01,1.465404246430871282e+01,1.455442274093627120e+01,1.472325510229931211e+01,1.460052939530956628e+01,1.454592092981491902e+01,1.469939473730395818e+01,1.486882062131651061e+01
9.440000000000000000e+02,1.461050242822224376e+01,1.477629795004383872e+01,1.503944537338070653e+01,1.506619951631252086e+01,1.475124412832385268e+01,1.464294022163148412e+01,1.456237244843384460e+01,1.464901284241410551e+01,1.471746925169449760e+01,1.472755642291751066e+01,1.438420084881917127e+01,1.436070562157088482e+01,1.465242803019571660e+01,1.470400169611304975e+01,1.460109489422473850e+01,1.450830573438288873e+01,1.468910265939229731e+01,1.455161134555108227e+01,1.452630544113069533e+01,1.465935609132322703e+01,1.484485240695758890e+01
9.850000000000000000e+02,1.626782716063619461e+01,1.578552806800651531e+01,1.602069948142215239e+01,1.589929223152498139e+01,1.602262582260291524e+01,1.572029380257541220e+01,1.579021488396924866e+01,1.603073977287865048e+01,1.572271760253776662e+01,1.578240221330300486e+01,1.577092041237206921e+01,1.583770256794473674e+01,1.568954914083745322e+01,1.613048598360124686e+01,1.595692913726062123e+01,1.575879173882362139e+01,1.585824176236067728e+01,1.628833979364815931e+01,1.576504714505374238e+01,1.600749230003203394e+01,1.599819377845857105e+01
9.720000000000000000e+02,1.536611176667440404e+01,1.555812560075192330e+01,1.563978029833053007e+01,1.561396388695011161e+01,1.546133917298754312e+01,1.572705954461268085e+01,1.534752434983877656e+01,1.544502508648260886e+01,1.537580135795224123e+01,1.539547392017960625e+01,1.535857861327419194e+01,1.538080263959557215e+01,1.561487214138756130e+01,1.526241912783657817e+01,1.551914413058108266e+01,1.548983882955471003e+01,1.560085277055758368e+01,1.537017186267374491e+01,1.518780916516830004e+01,1.525607354171081909e+01,1.535780078372037849e+01
9.820000000000000000e+02,1.625695412019630481e+01,1.577314158099904517e+01,1.600521637266281516e+01,1.589473577609907373e+01,1.599256611395478878e+01,1.570561182990302562e+01,1.579021488396924866e+01,1.603073977287865048e+01,1.572271760253776662e+01,1.575078607722550217e+01,1.576498397912164684e+01,1.583705780798650409e+01,1.570541498244119438e+01,1.611359531950015267e+01,1.594421123299577303e+01,1.572444362986685640e+01,1.585779097041495156e+01,1.628833979364815931e+01,1.573752205668864335e+01,1.601387137462125310e+01,1.597192757749163583e+01
9.570000000000000000e+02,1.468675054107992217e+01,1.485175814912943082e+01,1.507935190349651755e+01,1.507661812643572752e+01,1.481262480333152887e+01,1.468354276901328959e+01,1.461748387696681206e+01,1.472498592622394042e+01,1.476299119168617047e+01,1.477106362284682461e+01,1.450827059623462034e+01,1.446282399796123919e+01,1.470855255773963499e+01,1.473055424541433922e+01,1.466962964495291644e+01,1.460459014288363910e+01,1.472075411160042968e+01,1.459961455785130369e+01,1.453171192752159158e+01,1.468085511354727224e+01,1.486713754275640298e+01
9.220000000000000000e+02,1.501406200515508438e+01,1.536913871367580064e+01,1.488813398351474859e+01,1.496706123221571438e+01,1.505549884258310733e+01,1.509324868397844277e+01,1.525610306037060404e+01,1.521664471619875414e+01,1.490311616324715871e+01,1.506422858090120620e+01,1.501813172363249294e+01,1.491105515160631079e+01,1.519422457850596153e+01,1.491837846617826102e+01,1.513287314449667953e+01,1.501581371528037678e+01,1.492878734360403392e+01,1.504848658184033106e+01,1.497398116836287407e+01,1.497543952833963310e+01,1.500700884258604972e+01
9.870000000000000000e+02,1.625990761429557452e+01,1.576974613343849363e+01,1.600699377090169051e+01,1.589548079685122239e+01,1.599228188515298044e+01,1.569443721438467243e+01,1.579962110266817277e+01,1.602837320487518369e+01,1.571504155055782626e+01,1.574412208701655302e+01,1.575022658438003020e+01,1.583407692367958752e+01,1.569837694156980490e+01,1.610934497158252299e+01,1.594809155325314975e+01,1.573212953147306692e+01,1.585335791288994933e+01,1.628579492126666750e+01,1.574431502397543348e+01,1.601603941783587359e+01,1.595957136774105045e+01
9.490000000000000000e+02,1.461355456262357855e+01,1.475810313340297242e+01,1.503342508738609240e+01,1.505159094853683577e+01,1.475540086475059987e+01,1.465496132567885645e+01,1.458055196958600774e+01,1.467199925706563057e+01,1.473607729676145617e+01,1.471672688807623430e+01,1.439599831139266861e+01,1.437407607915418239e+01,1.464752717973387597e+01,1.468227800434733510e+01,1.461410346736023413e+01,1.452012054855075363e+01,1.469381393750837184e+01,1.459027985913806269e+01,1.454836131927386944e+01,1.467474541130465049e+01,1.486646476932260441e+01
9.410000000000000000e+02,1.473177143946589496e+01,1.490346263372209279e+01,1.513865295715084081e+01,1.511306467622716632e+01,1.486456497134665966e+01,1.473961119986448587e+01,1.466301938519293024e+01,1.479863660450993201e+01,1.482361272514530448e+01,1.480982132869426948e+01,1.454814999690781541e+01,1.452901501996429445e+01,1.476569054580605034e+01,1.481838772862046127e+01,1.474124652844562533e+01,1.463817093879780984e+01,1.478237421496315918e+01,1.468497013911462012e+01,1.458265227696832511e+01,1.474772928686289752e+01,1.493120006937854249e+01
9.840000000000000000e+02,1.626037750816962202e+01,1.576779505407554005e+01,1.602900000888577026e+01,1.590689750763602284e+01,1.599726004804148616e+01,1.572012722967414788e+01,1.579021488396924866e+01,1.603131454970022318e+01,1.573119844973306591e+01,1.574792308789346329e+01,1.575875402122311542e+01,1.584474690248229045e+01,1.569370170279326082e+01,1.611359531950015267e+01,1.596553380462250615e+01,1.572444362986685640e+01,1.587490857403027356e+01,1.628873626609170344e+01,1.574816633544541666e+01,1.601994171238108677e+01,1.598573891801415492e+01
9.590000000000000000e+02,1.468346817335402221e+01,1.484546938388910498e+01,1.506488548427891949e+01,1.507431487240691759e+01,1.480798224380199812e+01,1.467028760990081082e+01,1.461748387696681206e+01,1.472552349116460313e+01,1.475656303233758671e+01,1.476309725724590649e+01,1.450827059623462034e+01,1.446282399796123919e+01,1.470162860050502829e+01,1.473055424541433922e+01,1.466659487925851124e+01,1.460459014288363910e+01,1.471715113196378155e+01,1.459961455785130369e+01,1.453171192752159158e+01,1.467948530546707353e+01,1.486739051449318616e+01
9.670000000000000000e+02,1.544926634876725657e+01,1.555308958365289662e+01,1.563611355429246608e+01,1.561296141478707433e+01,1.550944730048573916e+01,1.574168674533006751e+01,1.541346554166840299e+01,1.550112362404408373e+01,1.543003824335832341e+01,1.541837847074473800e+01,1.537614320867388606e+01,1.542160965683508245e+01,1.563909916778110798e+01,1.526026472607260409e+01,1.557302946273546240e+01,1.553867375478523272e+01,1.564902730664587160e+01,1.536726043567039213e+01,1.523400957690318691e+01,1.529193153292327345e+01,1.541835715113786520e+01
9.610000000000000000e+02,1.534857225744050879e+01,1.554023474510882252e+01,1.562042906780999907e+01,1.556580308557607673e+01,1.545173571852381222e+01,1.570933490708763891e+01,1.535250078564429188e+01,1.547715040127693698e+01,1.540544783178105348e+01,1.541204997710396540e+01,1.537620576597289457e+01,1.538092731291643034e+01,1.559300746323851961e+01,1.524701869710422031e+01,1.554649443287564203e+01,1.552954037536496656e+01,1.562785752908463266e+01,1.538563754605063494e+01,1.521221174040701740e+01,1.525249863690450347e+01,1.538283983925837539e+01
9.450000000000000000e+02,1.469445692418228866e+01,1.487503866243556594e+01,1.506465942541090897e+01,1.509163962721073382e+01,1.482326081365027015e+01,1.467918906334036677e+01,1.462771224823943150e+01,1.475370904422793039e+01,1.475656303233758671e+01,1.477236585084096632e+01,1.450673814359647018e+01,1.446282399796123919e+01,1.472929819490386016e+01,1.475599499648969726e+01,1.466810396317693765e+01,1.460828111158550868e+01,1.471702782712668345e+01,1.462297724985373293e+01,1.454480093179164335e+01,1.471018512419513691e+01,1.488716002243706882e+01
9.180000000000000000e+02,1.476478525910321871e+01,1.485400109756937326e+01,1.498192802325272943e+01,1.481151408243283463e+01,1.513540560492943676e+01,1.486820307764686255e+01,1.508995182404703428e+01,1.492179445141101901e+01,1.514712181544606651e+01,1.503397956990725071e+01,1.485710693682637462e+01,1.498494238751064422e+01,1.478802607041465755e+01,1.466798824931910161e+01,1.481251737710506156e+01,1.528495468688538494e+01,1.498250679754690395e+01,1.479135567279696062e+01,1.487062399410312352e+01,1.477505169420996900e+01,1.498598873819889654e+01
9.660000000000000000e+02,1.534748275411175911e+01,1.558117210964979726e+01,1.562591726932478764e+01,1.560010085794436918e+01,1.544919094037419427e+01,1.575989979388757334e+01,1.535170659427051554e+01,1.544502508648260886e+01,1.538598417510672434e+01,1.541859150380738086e+01,1.539397494037881842e+01,1.540881341584088382e+01,1.562660391278314442e+01,1.527117172236409992e+01,1.551668416587654598e+01,1.548947566966851142e+01,1.562117695708146670e+01,1.538220610112904296e+01,1.516419644788778598e+01,1.526837335801315909e+01,1.536967303861534617e+01
9.710000000000000000e+02,1.537713124019824562e+01,1.553610193116202609e+01,1.559745862349746481e+01,1.557164221211704636e+01,1.548034173804880531e+01,1.574059657759263153e+01,1.536737178334024634e+01,1.547800285873910475e+01,1.539493638143120258e+01,1.537409045443577682e+01,1.540116519338577383e+01,1.542029974196821129e+01,1.561488972022746324e+01,1.523236447805411409e+01,1.552545315612914223e+01,1.551890823614257009e+01,1.561215982988606399e+01,1.537017186267374491e+01,1.517503287537793177e+01,1.527442755493145299e+01,1.538256110983971858e+01
9.560000000000000000e+02,1.468675054107992217e+01,1.485175814912943082e+01,1.507935190349651755e+01,1.507661812643572752e+01,1.481262480333152887e+01,1.468354276901328959e+01,1.461748387696681206e+01,1.472498592622394042e+01,1.476299119168617047e+01,1.477106362284682461e+01,1.450827059623462034e+01,1.446282399796123919e+01,1.470855255773963499e+01,1.473055424541433922e+01,1.466962964495291644e+01,1.460459014288363910e+01,1.472075411160042968e+01,1.459961455785130369e+01,1.453171192752159158e+01,1.468085511354727224e+01,1.486713754275640298e+01
9.780000000000000000e+02,1.538116585028594940e+01,1.565290754311615551e+01,1.566833021354614708e+01,1.570961737247868228e+01,1.551950905293477057e+01,1.579506573122584889e+01,1.541501263329413973e+01,1.553011010216843601e+01,1.545248165571554111e+01,1.545411834734774814e+01,1.543526104392443976e+01,1.545877642082756687e+01,1.569099969837602337e+01,1.530078075736996190e+01,1.558428275593181311e+01,1.552001832726714881e+01,1.566492850172385332e+01,1.541181513613490672e+01,1.520046585378616655e+01,1.533499051728107077e+01,1.539529968287532391e+01
9.510000000000000000e+02,1.468202182621791607e+01,1.486803127782156153e+01,1.503908699675359806e+01,1.506221679150036152e+01,1.480335271997433111e+01,1.467374875332271955e+01,1.461699502232413650e+01,1.475481109644556987e+01,1.472614013118610643e+01,1.475685248897841539e+01,1.448919456172089504e+01,1.441930619290924476e+01,1.471716119701181924e+01,1.472004065876521572e+01,1.464620111021931237e+01,1.457178521256117421e+01,1.470859922448612878e+01,1.458198726421231406e+01,1.453330528808713851e+01,1.467426417215851231e+01,1.488155926514874139e+01
9.140000000000000000e+02,1.477551019840503521e+01,1.489010811504173226e+01,1.507771827359123762e+01,1.490204362558233697e+01,1.518915460829822450e+01,1.495911038344276456e+01,1.513133844923480709e+01,1.496107380775452533e+01,1.524739634471160343e+01,1.508943991352656511e+01,1.493367052790851979e+01,1.504605707440210871e+01,1.488097858901971371e+01,1.469741717822946647e+01,1.483440754387185834e+01,1.529587391684976083e+01,1.506928430094317406e+01,1.479132646562194964e+01,1.487211166529792550e+01,1.481750145643628791e+01,1.506034490858192676e+01
9.460000000000000000e+02,1.469445692418228866e+01,1.486828665695031049e+01,1.506465942541090897e+01,1.509163962721073382e+01,1.481998603144842264e+01,1.467028760990081082e+01,1.462417548346144081e+01,1.474450176402076096e+01,1.475656303233758671e+01,1.476941854685930444e+01,1.450673814359647018e+01,1.446282399796123919e+01,1.472550880407029794e+01,1.475117213542879924e+01,1.466515665919527578e+01,1.460374679776756857e+01,1.471702782712668345e+01,1.461859283070746152e+01,1.453780108483520017e+01,1.470764677626835137e+01,1.488057193118394572e+01
9.040000000000000000e+02,1.477583875682479864e+01,1.487215358743512361e+01,1.504952130383415998e+01,1.487433949345490269e+01,1.515293315036869792e+01,1.492475336212939396e+01,1.510614927938603813e+01,1.494341779792205926e+01,1.521305821157480054e+01,1.506224220607466613e+01,1.490741195550978659e+01,1.502924509956068277e+01,1.485723219005334172e+01,1.469741717822946647e+01,1.482705057099436452e+01,1.529372906116250164e+01,1.502639840948292616e+01,1.479132646562194964e+01,1.487073859827426148e+01,1.477706721181918681e+01,1.501022041432049647e+01
9.230000000000000000e+02,1.503339206775914683e+01,1.537626675016259270e+01,1.495126423385995729e+01,1.501655210650588224e+01,1.507691605311179828e+01,1.509565143656558917e+01,1.521670934590389912e+01,1.525164074514022339e+01,1.491092631123696677e+01,1.504643855253798179e+01,1.499810799929457872e+01,1.492165392318508843e+01,1.517473274010863804e+01,1.495505378489055559e+01,1.515831572693051577e+01,1.505764361892820880e+01,1.493898954438358828e+01,1.508911275565324850e+01,1.496902100292996174e+01,1.499533358108132752e+01,1.499550907482460360e+01
9.760000000000000000e+02,1.534705986750658546e+01,1.552213321441634442e+01,1.559745862349746481e+01,1.557257995781339410e+01,1.544119323717398728e+01,1.571543261975564754e+01,1.534538930336964846e+01,1.544211365947925252e+01,1.537580135795224123e+01,1.537106554826093330e+01,1.535785314048515282e+01,1.537866759312644405e+01,1.560072702002538669e+01,1.523415471983805070e+01,1.551852747871040172e+01,1.548737531439802417e+01,1.559939705705590818e+01,1.536726043567039213e+01,1.516714659344285643e+01,1.524733638370905453e+01,1.535780078372037849e+01
9.550000000000000000e+02,1.469650791514502863e+01,1.486919744903823215e+01,1.503944537338070653e+01,1.506619951631252086e+01,1.481271507405678101e+01,1.468254018403388983e+01,1.461796683167136202e+01,1.475693889486350940e+01,1.473798207220731982e+01,1.476886545128503414e+01,1.451426951394834397e+01,1.443054101780819032e+01,1.472151725033115177e+01,1.474188240841361797e+01,1.465842909850219655e+01,1.457290653103874156e+01,1.471579221324981290e+01,1.458198726421231406e+01,1.453330528808713851e+01,1.468496683667659575e+01,1.489086783884292409e+01
9.960000000000000000e+02,1.629943950296695476e+01,1.577286215971754402e+01,1.603157047587546558e+01,1.594866351080056610e+01,1.605130120654274961e+01,1.574387379597557590e+01,1.583705086281567453e+01,1.603822423921204887e+01,1.580644447666694852e+01,1.579356694968857333e+01,1.584525085852991033e+01,1.593899161026532774e+01,1.571201931095995796e+01,1.611953952287558778e+01,1.597509316044375893e+01,1.577601471619788320e+01,1.589181268805073621e+01,1.632389213600590239e+01,1.579006784308937661e+01,1.608118198998502280e+01,1.600769072335878462e+01
9.620000000000000000e+02,1.541969904766260235e+01,1.553396688469289977e+01,1.563205997923613033e+01,1.561176568853202618e+01,1.551121905890193808e+01,1.575569486332142333e+01,1.538218683026190092e+01,1.551283836526883952e+01,1.541187705594071033e+01,1.542671533604862688e+01,1.541831000531174567e+01,1.542373576693452364e+01,1.564699372165195257e+01,1.525188085622353995e+01,1.555958587927048065e+01,1.552287288033446799e+01,1.565629655916881013e+01,1.538498657205587961e+01,1.519065787537793177e+01,1.530595757707616400e+01,1.544156309461955878e+01
9.360000000000000000e+02,1.504029929772075214e+01,1.534872572045342132e+01,1.496223223780128109e+01,1.498895378159869374e+01,1.508396154851975446e+01,1.513471593727671660e+01,1.523148629205016569e+01,1.526941249815819646e+01,1.491048025328993454e+01,1.510012018263110711e+01,1.507446884478134308e+01,1.497420001181872706e+01,1.524396120855560355e+01,1.494714616684927933e+01,1.515814316008799700e+01,1.511730215261122012e+01,1.495284990264237202e+01,1.503959544189905273e+01,1.500837619719063909e+01,1.495774776740206846e+01,1.505965153309437454e+01
9.930000000000000000e+02,1.625435668535775591e+01,1.576974613343849363e+01,1.600699377090169051e+01,1.590172163605661559e+01,1.598721707588405394e+01,1.569721092069818269e+01,1.579021488396924866e+01,1.602837320487518369e+01,1.571504155055782626e+01,1.574412208701655302e+01,1.574192697964568488e+01,1.583074425653041573e+01,1.570372623231728504e+01,1.610934497158252299e+01,1.594852906095514733e+01,1.572444362986685640e+01,1.585335791288994933e+01,1.628579492126666750e+01,1.574431502397543348e+01,1.601781381314437880e+01,1.595957136774105045e+01
9.300000000000000000e+02,1.504029929772075214e+01,1.534872572045342132e+01,1.496223223780128109e+01,1.498895378159869374e+01,1.508396154851975446e+01,1.513471593727671660e+01,1.523148629205016569e+01,1.526941249815819646e+01,1.491048025328993454e+01,1.510012018263110711e+01,1.507446884478134308e+01,1.497420001181872706e+01,1.524396120855560355e+01,1.494714616684927933e+01,1.515814316008799700e+01,1.511730215261122012e+01,1.495284990264237202e+01,1.503959544189905273e+01,1.500837619719063909e+01,1.495774776740206846e+01,1.505965153309437454e+01
9.060000000000000000e+02,1.477551019840503521e+01,1.487215358743512361e+01,1.504952130383415998e+01,1.487384665582525578e+01,1.516816363342424978e+01,1.494031240360471102e+01,1.510614927938603813e+01,1.494341779792205926e+01,1.523245664408413447e+01,1.506334065969359415e+01,1.492224605095810119e+01,1.504605707440210871e+01,1.485680975779935942e+01,1.469741717822946647e+01,1.482814902461329254e+01,1.529587391684976083e+01,1.503759229907681672e+01,1.479132646562194964e+01,1.487211166529792550e+01,1.479002855766474234e+01,1.502669469352965415e+01
9.680000000000000000e+02,1.539973552576884330e+01,1.555259176742820593e+01,1.563063372932852246e+01,1.562808286442588468e+01,1.548079317888610618e+01,1.572797186033140981e+01,1.535063985992026225e+01,1.546186603563471174e+01,1.537226368657985276e+01,1.543578340021874951e+01,1.534366634989298461e+01,1.536518463440838644e+01,1.562506331292619954e+01,1.526241912783657817e+01,1.555452846837039793e+01,1.547798657611719975e+01,1.562168284660398143e+01,1.537017186267374491e+01,1.521132044710337539e+01,1.529054297850477617e+01,1.539810589127800711e+01
9.170000000000000000e+02,1.475221533313453293e+01,1.485400109756937326e+01,1.498192802325272943e+01,1.479659904899469325e+01,1.511881801691327709e+01,1.485999544027649577e+01,1.507989588327208530e+01,1.490122548164407768e+01,1.514712181544606651e+01,1.501905074069270896e+01,1.485710693682637462e+01,1.498494238751064422e+01,1.477524175603910628e+01,1.466798824931910161e+01,1.480513050347173021e+01,1.527359026591102520e+01,1.497565047429125684e+01,1.479135567279696062e+01,1.486139040206145978e+01,1.474578442156163938e+01,1.496842540971119995e+01
