index,dst_port,protocol,flow_duration,tot_fwd_pkts,tot_bwd_pkts,totlen_fwd_pkts,totlen_bwd_pkts,fwd_pkt_len_max,fwd_pkt_len_min,fwd_pkt_len_mean,fwd_pkt_len_std,bwd_pkt_len_max,bwd_pkt_len_min,bwd_pkt_len_mean,bwd_pkt_len_std,flow_byts/s,flow_pkts/s,flow_iat_mean,flow_iat_std,flow_iat_max,flow_iat_min,fwd_iat_tot,fwd_iat_mean,fwd_iat_std,fwd_iat_max,fwd_iat_min,bwd_iat_tot,bwd_iat_mean,bwd_iat_std,bwd_iat_max,bwd_iat_min,fwd_psh_flags,bwd_psh_flags,fwd_urg_flags,bwd_urg_flags,fwd_header_len,bwd_header_len,fwd_pkts/s,bwd_pkts/s,pkt_len_min,pkt_len_max,pkt_len_mean,pkt_len_std,pkt_len_var,fin_flag_cnt,syn_flag_cnt,rst_flag_cnt,psh_flag_cnt,ack_flag_cnt,urg_flag_cnt,cwe_flag_count,ece_flag_cnt,down/up_ratio,pkt_size_avg,fwd_seg_size_avg,bwd_seg_size_avg,fwd_byts/b_avg,fwd_pkts/b_avg,fwd_blk_rate_avg,bwd_byts/b_avg,bwd_pkts/b_avg,bwd_blk_rate_avg,subflow_fwd_pkts,subflow_fwd_byts,subflow_bwd_pkts,subflow_bwd_byts,init_fwd_win_byts,init_bwd_win_byts,fwd_act_data_pkts,fwd_seg_size_min,active_mean,active_std,active_max,active_min,idle_mean,idle_std,idle_max,idle_min
2946,52355,6,1,3,0,77,0,46,0,25.66666667,23.45918441,0,0,0.0,0.0,77000000.0,3000000.0,0.5,0.707106781,1,0,1,0.5,0.707106781,1,0,0,0.0,0.0,0,0,1,0,0,0,60,0,3000000.0,0.0,0,46,30.75,21.68524844,470.25,0,1,0,0,1,0,0,0,0,41.0,25.66666667,0.0,0,0,0,0,0,0,3,77,0,0,123,-1,1,20,0.0,0.0,0,0,0.0,0.0,0,0
2982,443,6,6124166,10,12,646,3485,322,0,64.6,114.0333285,1432,0,290.4166667,476.4526989,674.5408273,3.592325878,291626.9524,1307888.998,5999475,0,6124166,680462.8889,1994740.262,5999618,757,6112605,555691.3636,1805621.197,5999500,0,0,0,0,0,212,252,1.632875399,1.959450479,0,1432,179.6086957,364.6904963,132999.1581,0,0,1,1,0,0,0,1,1,187.7727273,64.6,290.4166667,0,0,0,0,0,0,10,646,12,3485,8192,66,3,20,124548.0,0.0,124548,124548,5999475.0,0.0,5999475,5999475
2983,443,6,6144803,10,12,646,3485,322,0,64.6,114.0333285,1432,0,290.4166667,476.4526989,672.2754171,3.580261239,292609.6667,1311763.252,6017361,0,6144803,682755.8889,2000561.039,6017432,751,6133015,557546.8182,1810937.929,6017379,0,0,0,0,0,212,252,1.627391472,1.952869767,0,1432,179.6086957,364.6904963,132999.1581,0,0,1,1,0,0,0,1,1,187.7727273,64.6,290.4166667,0,0,0,0,0,0,10,646,12,3485,8192,66,3,20,127371.0,0.0,127371,127371,6017361.0,0.0,6017361,6017361
2984,139,6,5990173,3,2,18,5,18,0,6.0,10.39230485,5,0,2.5,3.535533906,3.839621994,0.834700434,1497543.25,2994468.523,5989246,36,5990137,2995068.5,4234406.429,5989246,891,5990114,5990114.0,0.0,5990114,5990114,0,0,0,0,72,52,0.50082026,0.333880173,0,18,3.833333333,7.22264956,52.16666667,0,0,1,1,0,0,0,1,0,4.6,6.0,2.5,0,0,0,0,0,0,3,18,2,5,8192,280,1,20,891.0,0.0,891,891,5989246.0,0.0,5989246,5989246
2991,3389,6,10989699,5,3,110,1880,110,0,22.0,49.1934955,1880,0,626.6666667,1085.418506,181.0786628,0.727954424,1569957.0,2681926.966,5989358,57,11000000,2747424.75,3173730.024,5989358,329,6016126,3008063.0,4245600.636,6010156,5970,0,0,0,0,112,72,0.454971515,0.272982909,0,1880,221.1111111,623.1461394,388311.1111,0,0,1,1,0,0,0,1,0,248.75,22.0,626.6666667,0,0,0,0,0,0,5,110,3,1880,8192,63890,1,20,329.0,0.0,329,329,5989358.0,0.0,5989358,5989358
2993,443,6,15707756,11,10,765,3895,409,0,69.54545455,130.4303367,1460,0,389.5,595.7128783,296.6687285,1.336919163,785387.8,2472723.96,9952845,1,15700000,1570775.6,3399243.93,9952845,25,10300000,1141241.556,3330744.132,10000000,1,0,0,0,0,232,208,0.70029099,0.636628173,0,1460,211.8181818,433.5466841,187962.7273,0,0,1,1,0,0,0,1,0,221.9047619,69.54545455,389.5,0,0,0,0,0,0,11,765,10,3895,8192,5113,5,20,165040.5,214849.4457,316962,13119,7688825.0,3201807.789,9952845,5424805
3010,443,6,20782327,8,7,738,3695,386,0,92.25,142.6832156,1460,0,527.8571429,675.6193279,213.3062385,0.721767105,1484451.929,5482558.782,20500000,0,20800000,2968903.857,7781619.314,20600000,62,20700000,3456165.5,8365888.812,20500000,0,0,0,0,0,172,152,0.384942456,0.336824649,0,1460,277.0625,494.7439026,244771.5292,0,0,1,1,0,0,0,1,0,295.5333333,92.25,527.8571429,0,0,0,0,0,0,8,738,7,3695,8192,7485,4,20,249085.0,0.0,249085,249085,20500000.0,0.0,20500000,20500000
3018,443,6,21538669,6,8,677,3695,388,0,112.8333333,155.7053842,1460,0,461.875,652.749446,202.9837591,0.649993739,1656820.692,5906293.861,21300000,0,142196,28439.2,25273.4651,47639,372,21500000,3070459.857,8044683.259,21300000,0,0,0,0,0,132,172,0.278568745,0.371424994,0,1460,291.4666667,507.9734058,258036.981,0,0,1,1,0,0,0,1,1,312.2857143,112.8333333,461.875,0,0,0,0,0,0,6,677,8,3695,8192,7515,3,20,224728.0,0.0,224728,224728,21300000.0,0.0,21300000,21300000
3020,443,6,6130872,11,12,2007,4422,1078,0,182.4545455,315.1229486,1460,0,368.5,539.8000472,1048.62734,3.751505495,278676.0,1243754.51,5846483,1,284388,28438.8,29925.58759,80751,31,6083727,553066.0909,1766216.982,5877920,1,0,0,0,0,232,252,1.79419828,1.957307215,0,1460,267.875,440.9364849,194424.9837,0,0,1,1,0,0,0,1,1,279.5217391,182.4545455,368.5,0,0,0,0,0,0,11,2007,12,4422,8192,8003,6,20,284388.0,0.0,284388,284388,5846483.0,0.0,5846483,5846483
3023,443,6,20854972,6,8,705,3695,384,0,117.5,158.2728656,1460,0,461.875,652.749446,210.9808635,0.671302747,1604228.615,5673045.5,20500000,0,148619,29723.8,26436.72854,50019,348,20800000,2972495.0,7722324.472,20500000,0,0,0,0,0,132,172,0.287701177,0.38360157,0,1460,293.3333333,507.5588167,257615.9524,0,0,1,1,0,0,0,1,1,314.2857143,117.5,461.875,0,0,0,0,0,0,6,705,8,3695,8192,7487,3,20,370526.0,0.0,370526,370526,20500000.0,0.0,20500000,20500000
3027,0,0,108222900,60,0,0,0,0,0,0.0,0.0,0,0,0.0,0.0,0.0,0.554411312,1834286.441,2412354.426,16200000,6702,108000000,1834286.441,2412354.426,16200000,6702,0,0.0,0.0,0,0,0,0,0,0,0,0,0.554411312,0.0,0,0,0.0,0.0,0.0,0,0,0,0,0,0,0,0,0,0.0,0.0,0.0,0,0,0,0,0,0,60,0,0,0,-1,-1,0,0,36900000.0,36600000.0,62700000,11000000,9885355.333,5493073.897,16200000,5968904
3029,443,6,20846105,6,8,676,3695,387,0,112.6666667,155.3520733,1460,0,461.875,652.749446,209.6794581,0.67158829,1603546.538,5715579.48,20600000,1,146199,29239.8,26017.88161,49215,364,20800000,2971341.571,7785005.889,20600000,1,0,0,0,0,132,172,0.287823553,0.383764737,0,1460,291.4,507.9598972,258023.2571,0,0,1,1,0,0,0,1,1,312.2142857,112.6666667,461.875,0,0,0,0,0,0,6,676,8,3695,8192,7516,3,20,219907.0,0.0,219907,219907,20600000.0,0.0,20600000,20600000
3057,80,6,115471618,16,14,443,706,432,0,27.6875,107.8175736,706,0,50.42857143,188.6864368,9.9504971,0.259804102,3981779.931,4883074.606,10000000,14,115000000,7698107.867,4149466.616,10000000,163,110000000,8477318.846,3756764.147,10000000,11668,0,0,0,0,332,424,0.138562188,0.121241914,0,706,37.06451613,146.3425059,21416.12903,0,0,1,1,0,0,0,1,0,38.3,27.6875,50.42857143,0,0,0,0,0,0,16,443,14,706,8192,172,12,20,19551.18182,24802.34168,94323,11470,9999124.909,13717.65361,10000000,9957783
3058,80,6,115761252,16,14,445,706,434,0,27.8125,108.3175694,706,0,50.42857143,188.6864368,9.94287795,0.259154073,3991767.31,4884916.58,10000000,15,116000000,7717416.8,4135179.864,10000000,171,110000000,8476761.538,3756638.52,10000000,11739,0,0,0,0,332,424,0.138215506,0.120938568,0,706,37.12903226,146.5227495,21468.91613,0,0,1,1,0,0,0,1,0,38.36666667,27.8125,50.42857143,0,0,0,0,0,0,16,445,14,706,8192,172,12,20,20662.63636,28851.26775,107645,11468,9997352.545,19952.79025,10000000,9937203
3060,80,6,119359894,18,15,883,1576,436,0,49.05555556,140.7724372,788,0,105.0666667,277.2702309,20.60155985,0.276474776,3729996.687,4746376.388,10000000,41,119000000,7021170.235,4387555.91,10000000,279,114000000,8117172.857,3851548.376,10000000,746,0,0,0,0,372,444,0.150804423,0.125670353,0,788,72.32352941,209.2010372,43765.07398,0,0,1,1,0,0,0,1,0,74.51515152,49.05555556,105.0666667,0,0,0,0,0,0,18,883,15,1576,8192,290,13,20,333363.8182,1066834.947,3549992,11225,9997592.909,20015.11822,10000000,9937256
3071,443,6,110691234,21,28,2146,3552,934,0,102.1904762,272.5339647,1400,0,126.8571429,365.9342902,51.47652433,0.442672814,2306067.375,4236126.504,10000000,0,111000000,5534009.75,5069182.257,10000000,256,111000000,4099250.481,4999263.232,10000000,0,0,0,0,0,432,568,0.18971692,0.252955894,0,1400,113.96,323.298116,104521.6718,0,0,1,1,0,0,0,1,1,116.2857143,102.1904762,126.8571429,0,0,0,0,0,0,21,2146,28,3552,8192,15381,15,20,68637.36364,142369.1526,468704,10915,9993198.545,24078.15023,10000000,9937219
3072,443,6,116488566,16,20,1193,7423,306,0,74.5625,107.9697296,1460,0,371.15,597.242195,73.96434084,0.309043207,3328244.743,13700000.0,58200000,0,116000000,7765904.4,20400000.0,58200000,26,116000000,6126868.947,18300000.0,58300000,0,0,0,0,0,332,412,0.137352536,0.17169067,0,1460,232.8648649,465.1691545,216382.3423,0,0,1,1,0,0,0,1,1,239.3333333,74.5625,371.15,0,0,0,0,0,0,16,1193,20,7423,8192,1022,8,20,128692.5,71791.84439,179457,77928,58100000.0,154678.9013,58200000,58000000
3081,443,6,116515924,13,12,639,3903,206,0,49.15384615,72.9769897,1460,0,325.25,551.6443395,38.98179617,0.214562947,4854830.167,16400000.0,58200000,1,117000000,9709660.333,22600000.0,58200000,191,116000000,10600000.0,23500000.0,58300000,1,0,0,0,0,272,252,0.111572732,0.102990214,0,1460,174.6923077,395.9162305,156749.6615,0,0,1,1,0,0,0,1,0,181.68,49.15384615,325.25,0,0,0,0,0,0,13,639,12,3903,8192,123,6,20,103319.5,35882.13361,128692,77947,58100000.0,187881.1002,58200000,58000000
3084,443,6,116284645,16,30,995,28283,357,0,62.1875,100.0687888,1430,0,942.7666667,647.2636665,251.778728,0.395581033,2584103.222,12100000.0,58000000,0,116000000,7752309.667,20400000.0,58000000,30,116000000,4007667.103,15000000.0,58000000,0,0,0,0,0,332,612,0.137593403,0.25798763,0,1430,622.9361702,672.2380661,451904.0176,0,0,1,1,0,0,0,1,1,636.4782609,62.1875,942.7666667,0,0,0,0,0,0,16,995,30,28283,8192,180,8,20,138897.5,86175.81053,199833,77962,58000000.0,7140.364276,58000000,58000000
3085,443,6,118193994,21,16,1638,8420,271,0,78.0,94.96367727,1460,0,526.25,626.0134716,85.09738659,0.313044671,3283166.5,13500000.0,58500000,0,118000000,5909699.7,17900000.0,58500000,28,118000000,7874482.6,20500000.0,58600000,0,0,0,0,0,432,332,0.177674003,0.135370669,0,1460,264.6842105,463.6911312,215009.4651,0,0,1,1,0,0,0,1,0,271.8378378,78.0,526.25,0,0,0,0,0,0,21,1638,16,8420,8192,173,11,20,825152.0,1056711.688,1572360,77944,58200000.0,375720.4811,58500000,58000000
3089,443,6,116245082,13,10,601,3190,201,0,46.23076923,69.68399367,1430,0,319.0,552.6815438,32.61213236,0.197857833,5283867.364,17100000.0,58000000,1,116000000,9687090.167,22600000.0,58000000,195,116000000,12900000.0,25600000.0,58100000,1,0,0,0,0,272,212,0.111832688,0.086025145,0,1430,157.9583333,376.133473,141476.3895,0,0,1,1,0,0,0,1,0,164.826087,46.23076923,319.0,0,0,0,0,0,0,13,601,10,3190,8192,176,6,20,100726.0,54266.20282,139098,62354,58000000.0,11060.56427,58000000,58000000
3090,443,6,116428861,15,20,808,10480,188,0,53.86666667,75.43669689,1460,0,524.0,623.8095188,96.95190611,0.300612749,3424378.265,13900000.0,58300000,0,116000000,8316347.214,21100000.0,58300000,25,116000000,6126961.421,18300000.0,58300000,0,0,0,0,0,312,412,0.128834035,0.171778714,0,1460,313.5555556,520.1353365,270540.7683,0,0,1,1,0,0,0,1,1,322.5142857,53.86666667,524.0,0,0,0,0,0,0,15,808,20,10480,8192,70,7,20,59541.0,61021.901,102690,16392,58100000.0,165821.4899,58300000,58000000
3103,52477,6,1,2,0,31,0,31,0,15.5,21.92031022,0,0,0.0,0.0,31000000.0,2000000.0,1.0,0.0,1,1,1,1.0,0.0,1,1,0,0.0,0.0,0,0,1,0,0,0,40,0,2000000.0,0.0,0,31,20.66666667,17.89785834,320.3333333,0,1,0,0,1,0,0,0,0,31.0,15.5,0.0,0,0,0,0,0,0,2,31,0,0,70,-1,0,20,0.0,0.0,0,0,0.0,0.0,0,0
3105,443,6,117018538,15,15,1053,3661,402,0,70.2,112.5923113,1430,0,244.0666667,444.7158751,40.28421548,0.256369636,4035122.0,15000000.0,58800000,0,117000000,8358467.0,21200000.0,58800000,25,117000000,8353998.429,21200000.0,58800000,0,0,0,0,0,312,312,0.128184818,0.128184818,0,1430,152.0645161,326.4406976,106563.529,0,0,1,1,0,0,0,1,1,157.1333333,70.2,244.0666667,0,0,0,0,0,0,15,1053,15,3661,8192,180,8,20,111665.5,69773.76163,161003,62328,58400000.0,542474.6449,58800000,58000000
3106,443,6,117018699,15,17,1226,4996,576,0,81.73333333,151.4116747,1430,0,293.8823529,461.474252,53.17098936,0.273460569,3774796.742,14600000.0,58800000,0,117000000,8358478.5,21200000.0,58800000,25,117000000,7309766.188,19900000.0,58800000,0,0,0,0,0,312,352,0.128184642,0.145275927,0,1430,188.5454545,358.9744151,128862.6307,0,0,1,1,0,0,0,1,1,194.4375,81.73333333,293.8823529,0,0,0,0,0,0,15,1226,17,4996,8192,180,8,20,110807.5,68592.89331,159310,62305,58400000.0,543787.035,58800000,58000000
3110,443,6,116382103,14,15,847,7914,249,0,60.5,85.76152087,1460,0,527.6,681.9635307,75.27789732,0.249179206,4156503.679,15200000.0,58200000,0,116000000,8952469.462,21800000.0,58200000,73,116000000,8308553.714,21100000.0,58200000,0,0,0,0,0,292,312,0.12029341,0.128885796,0,1460,292.0333333,534.170997,285338.654,0,0,1,1,0,0,0,1,1,302.1034483,60.5,527.6,0,0,0,0,0,0,14,847,15,7914,8192,64,7,20,83855.0,30614.8952,105503,62207,58100000.0,131682.3745,58200000,58000000
3122,443,6,117089511,15,16,1253,5514,603,0,83.53333333,157.7357042,1430,0,344.625,550.3373359,57.79339193,0.264754714,3902983.7,14800000.0,58500000,0,117000000,8363536.5,21200000.0,58500000,26,117000000,7801788.333,20600000.0,58600000,0,0,0,0,0,312,332,0.12810712,0.136647594,0,1430,211.46875,419.8815489,176300.5151,0,0,1,1,0,0,0,1,1,218.2903226,83.53333333,344.625,0,0,0,0,0,0,15,1253,16,5514,8192,181,8,20,109330.5,66458.84504,156324,62337,58400000.0,155321.6613,58500000,58300000
3124,443,6,21044399,6,8,704,3695,383,0,117.3333333,157.9362741,1460,0,461.875,652.749446,209.0342423,0.665260148,1618799.923,5772019.552,20800000,1,145790,29158.0,25921.29865,49460,260,21000000,2999503.857,7862145.605,20800000,1,0,0,0,0,132,172,0.285111492,0.380148656,0,1460,293.2666667,507.5461227,257603.0667,0,0,1,1,0,0,0,1,1,314.2142857,117.3333333,461.875,0,0,0,0,0,0,6,704,8,3695,8192,7488,3,20,215143.0,0.0,215143,215143,20800000.0,0.0,20800000,20800000
3135,443,6,7986016,11,12,2017,4427,1078,0,183.3636364,315.1752759,1460,0,368.9166667,539.6978041,806.9104795,2.8800343,363000.7273,1663773.039,7811809,8,173921,17392.1,23653.28867,77216,45,7964668,724060.7273,2369122.481,7867151,28,0,0,0,0,232,252,1.377407709,1.502626591,0,1460,268.5,440.8583525,194356.087,0,0,1,1,0,0,0,1,1,280.173913,183.3636364,368.9166667,0,0,0,0,0,0,11,2017,12,4427,8192,8002,6,20,173921.0,0.0,173921,173921,7811809.0,0.0,7811809,7811809
3137,443,6,7254935,6,8,686,3695,388,0,114.3333333,156.7069452,1460,0,461.875,652.749446,603.8648175,1.929720942,558071.9231,1968886.797,7110544,0,69258,13851.6,11996.61324,23351,358,7233591,1033370.143,2679916.765,7110544,0,0,0,0,0,132,172,0.827023261,1.102697681,0,1460,292.0666667,507.8578916,257919.6381,0,0,1,1,0,0,0,1,1,312.9285714,114.3333333,461.875,0,0,0,0,0,0,6,686,8,3695,8192,7506,3,20,144274.0,0.0,144274,144274,7110544.0,0.0,7110544,7110544
3146,0,0,103209437,59,0,0,0,0,0,0.0,0.0,0,0,0.0,0.0,0.0,0.571653152,1779473.052,2362854.44,16800000,531216,103000000,1779473.052,2362854.44,16800000,531216,0,0.0,0.0,0,0,0,0,0,0,0,0,0.571653152,0.0,0,0,0.0,0.0,0.0,0,0,0,0,0,0,0,0,0,0.0,0.0,0.0,0,0,0,0,0,0,59,0,0,0,-1,-1,0,0,37700000.0,33900000.0,61700000,13700000,11600000.0,7465128.522,16800000,6286328
3150,443,6,7928145,6,8,718,3695,388,0,119.6666667,160.8983116,1460,0,461.875,652.749446,556.624532,1.76586074,609857.3077,2155161.114,7782313,1,69982,13996.4,12161.87199,23690,252,7906641,1129520.143,2933732.17,7782313,1,0,0,0,0,132,172,0.75679746,1.00906328,0,1460,294.2,507.5331376,257589.8857,0,0,1,1,0,0,0,1,1,315.2142857,119.6666667,461.875,0,0,0,0,0,0,6,718,8,3695,8192,7474,3,20,145799.0,0.0,145799,145799,7782313.0,0.0,7782313,7782313
3156,443,6,20971010,6,8,675,3695,386,0,112.5,154.9990323,1460,0,461.875,652.749446,208.3829057,0.667588256,1613154.615,5750529.647,20800000,1,146232,29246.4,26012.61038,49046,388,20900000,2989176.714,7832671.283,20800000,1,0,0,0,0,132,172,0.286109253,0.381479004,0,1460,291.3333333,507.9465195,258009.6667,0,0,1,1,0,0,0,1,1,312.1428571,112.5,461.875,0,0,0,0,0,0,6,675,8,3695,8192,7517,3,20,218956.0,0.0,218956,218956,20800000.0,0.0,20800000,20800000
3158,443,6,6706024,11,12,2008,4436,1078,0,182.5454545,315.1251699,1460,0,369.6666667,539.4206207,960.9270709,3.429752115,304819.2727,1368939.902,6433204,0,272630,27263.0,28484.24092,74097,46,6659333,605393.9091,1942016.222,6460358,0,0,0,0,0,232,252,1.640316229,1.789435886,0,1460,268.5,440.845926,194345.1304,0,0,1,1,0,0,0,1,1,280.173913,182.5454545,369.6666667,0,0,0,0,0,0,11,2008,12,4436,8192,8002,6,20,272630.0,0.0,272630,272630,6433204.0,0.0,6433204,6433204
3170,443,6,19314166,6,8,718,3695,388,0,119.6666667,160.8983116,1460,0,461.875,652.749446,228.485144,0.724856564,1485705.077,5314267.112,19200000,1,69986,13997.2,12160.56539,23646,271,19300000,2756107.286,7239005.713,19200000,1,0,0,0,0,132,172,0.310652813,0.414203751,0,1460,294.2,507.5331376,257589.8857,0,0,1,1,0,0,0,1,1,315.2142857,119.6666667,461.875,0,0,0,0,0,0,6,718,8,3695,8192,7474,3,20,141620.0,0.0,141620,141620,19200000.0,0.0,19200000,19200000
3172,443,6,6698700,11,12,2008,4435,1078,0,182.5454545,315.1251699,1460,0,369.5833333,539.450808,961.8284145,3.433502023,304486.3636,1367754.865,6427602,1,270926,27092.6,28806.76364,77769,45,6653656,604877.8182,1941941.56,6459653,1,0,0,0,0,232,252,1.642109663,1.79139236,0,1460,268.4583333,440.8536166,194351.9112,0,0,1,1,0,0,0,1,1,280.1304348,182.5454545,369.5833333,0,0,0,0,0,0,11,2008,12,4435,8192,8002,6,20,270926.0,0.0,270926,270926,6427602.0,0.0,6427602,6427602
3174,443,6,20558282,6,8,709,3695,388,0,118.1666667,159.6225757,1460,0,461.875,652.749446,214.2202349,0.680990756,1581406.308,5637570.23,20300000,0,140148,28029.6,24951.22703,47096,251,20500000,2930530.714,7678754.186,20300000,0,0,0,0,0,132,172,0.291853181,0.389137575,0,1460,293.6,507.6109027,257668.8286,0,0,1,1,0,0,0,1,1,314.5714286,118.1666667,461.875,0,0,0,0,0,0,6,709,8,3695,8192,7483,3,20,214104.0,0.0,214104,214104,20300000.0,0.0,20300000,20300000
3177,0,0,116891085,66,0,0,0,0,0,0.0,0.0,0,0,0.0,0.0,0.0,0.564628175,1798324.385,2750620.841,18300000,75400,117000000,1798324.385,2750620.841,18300000,75400,0,0.0,0.0,0,0,0,0,0,0,0,0,0.564628175,0.0,0,0,0.0,0.0,0.0,0,0,0,0,0,0,0,0,0,0.0,0.0,0.0,0,0,0,0,0,0,66,0,0,0,-1,-1,0,0,36900000.0,36900000.0,63000000,10800000,12800000.0,4949910.279,18300000,8672005
3183,443,6,5353897,11,12,2008,4427,1078,0,182.5454545,315.1251699,1460,0,368.9166667,539.6978041,1201.92824,4.295936212,243358.9545,1077128.721,5065019,1,288614,28861.4,31413.02416,87861,47,5307376,482488.7273,1533277.002,5104949,1,0,0,0,0,232,252,2.054578189,2.241358024,0,1460,268.125,440.9185385,194409.1576,0,0,1,1,0,0,0,1,1,279.7826087,182.5454545,368.9166667,0,0,0,0,0,0,11,2008,12,4427,8192,8002,6,20,288614.0,0.0,288614,288614,5065019.0,0.0,5065019,5065019
3185,443,6,20869836,6,8,676,3695,387,0,112.6666667,155.3520733,1460,0,461.875,652.749446,209.4410325,0.670824629,1605372.0,5724323.106,20700000,0,140268,28053.6,24906.63812,47219,399,20800000,2975041.714,7797013.888,20700000,0,0,0,0,0,132,172,0.28749627,0.38332836,0,1460,291.4,507.9598972,258023.2571,0,0,1,1,0,0,0,1,1,312.2142857,112.6666667,461.875,0,0,0,0,0,0,6,676,8,3695,8192,7516,3,20,212782.0,0.0,212782,212782,20700000.0,0.0,20700000,20700000
3189,443,6,7833198,11,12,2008,4427,1078,0,182.5454545,315.1251699,1460,0,368.9166667,539.6978041,821.5035545,2.936220941,356054.4545,1608778.605,7558349,1,274654,27465.4,28738.1362,74189,43,7786790,707890.0,2280660.287,7583972,1,0,0,0,0,232,252,1.40427958,1.53194136,0,1460,268.125,440.9185385,194409.1576,0,0,1,1,0,0,0,1,1,279.7826087,182.5454545,368.9166667,0,0,0,0,0,0,11,2008,12,4427,8192,7856,6,20,274654.0,0.0,274654,274654,7558349.0,0.0,7558349,7558349
3192,443,6,21499211,6,8,709,3695,388,0,118.1666667,159.6225757,1460,0,461.875,652.749446,204.8447266,0.651186688,1653785.462,5897639.796,21300000,1,140363,28072.6,24942.24579,47461,359,21500000,3064949.286,8033076.388,21300000,1,0,0,0,0,132,172,0.279080009,0.372106679,0,1460,293.6,507.6109027,257668.8286,0,0,1,1,0,0,0,1,1,314.5714286,118.1666667,461.875,0,0,0,0,0,0,6,709,8,3695,8192,7483,3,20,216884.0,0.0,216884,216884,21300000.0,0.0,21300000,21300000
3197,443,6,20912896,6,8,708,3695,387,0,118.0,159.2846509,1460,0,461.875,652.749446,210.5399463,0.66944339,1608684.308,5709333.745,20600000,4,226293,45258.6,53826.33402,132654,291,20900000,2981184.857,7773742.607,20600000,4,0,0,0,0,132,172,0.28690431,0.38253908,0,1460,293.5333333,507.5976847,257655.4095,0,0,1,1,0,0,0,1,1,314.5,118.0,461.875,0,0,0,0,0,0,6,708,8,3695,8192,7484,3,20,302618.0,0.0,302618,302618,20600000.0,0.0,20600000,20600000
3203,443,6,111914595,18,18,952,1007,470,0,52.88888889,151.7470375,470,0,55.94444444,150.8479843,17.50441933,0.321673862,3197559.857,4672399.653,10000000,1442,112000000,6582530.059,4780301.292,10000000,62493,112000000,6582540.882,4796533.663,10000000,1442,0,0,0,0,360,360,0.160836931,0.160836931,0,470,52.97297297,147.3053304,21698.86036,0,0,0,0,1,0,0,0,1,54.44444444,52.88888889,55.94444444,0,0,0,0,0,0,18,952,18,1007,64206,16568,13,20,178415.6364,380014.4196,1109309,11386,9994585.364,20634.89199,10000000,9952834
3205,443,6,13965324,6,8,685,3695,387,0,114.1666667,156.3578161,1460,0,461.875,652.749446,313.6339694,1.002483007,1074255.692,3827877.454,13800000,1,72215,14443.0,12505.05492,23869,369,13900000,1991767.571,5213185.399,13800000,1,0,0,0,0,132,172,0.429635575,0.572847433,0,1460,292.0,507.8444644,257906.0,0,0,1,1,0,0,0,1,1,312.8571429,114.1666667,461.875,0,0,0,0,0,0,6,685,8,3695,8192,7507,3,20,151260.0,0.0,151260,151260,13800000.0,0.0,13800000,13800000
3210,443,6,13912421,11,12,2017,4427,1078,0,183.3636364,315.1752759,1460,0,368.9166667,539.6978041,463.1832231,1.653198965,632382.7727,2927692.833,13700000,9,172114,17211.4,23007.09316,74936,44,13900000,1262818.273,4155939.871,13800000,32,0,0,0,0,232,252,0.790660375,0.862538591,0,1460,268.5,440.8583525,194356.087,0,0,1,1,0,0,0,1,1,280.173913,183.3636364,368.9166667,0,0,0,0,0,0,11,2017,12,4427,8192,8002,6,20,172114.0,0.0,172114,172114,13700000.0,0.0,13700000,13700000
3217,443,6,10121630,11,12,2013,4431,1077,0,183.0,314.8628273,1460,0,369.25,539.5847098,636.6563488,2.27236127,460074.0909,2118747.051,9945946,1,175623,17562.3,24237.59201,79223,46,10100000,918180.0909,3013074.38,10000000,1,0,0,0,0,232,252,1.086781477,1.185579793,0,1460,268.5,440.7684002,194276.7826,0,0,1,1,0,0,0,1,1,280.173913,183.0,369.25,0,0,0,0,0,0,11,2013,12,4431,8192,8003,6,20,175623.0,0.0,175623,175623,9945946.0,0.0,9945946,9945946
3219,443,6,6893477,6,8,718,3695,388,0,119.6666667,160.8983116,1460,0,461.875,652.749446,640.1704104,2.030905449,530267.4615,1864900.362,6736540,0,73461,14692.2,12756.19766,24078,245,6869520,981360.0,2537971.415,6736540,0,0,0,0,0,132,172,0.870388049,1.160517399,0,1460,294.2,507.5331376,257589.8857,0,0,1,1,0,0,0,1,1,315.2142857,119.6666667,461.875,0,0,0,0,0,0,6,718,8,3695,8192,7474,3,20,156937.0,0.0,156937,156937,6736540.0,0.0,6736540,6736540
3223,443,6,20915259,6,8,708,3695,387,0,118.0,159.2846509,1460,0,461.875,652.749446,210.5161595,0.669367757,1608866.077,5737316.023,20700000,1,139824,27964.8,24867.99477,46806,257,20900000,2981452.429,7814795.968,20700000,1,0,0,0,0,132,172,0.286871896,0.382495861,0,1460,293.5333333,507.5976847,257655.4095,0,0,1,1,0,0,0,1,1,314.5,118.0,461.875,0,0,0,0,0,0,6,708,8,3695,8192,7484,3,20,211452.0,0.0,211452,211452,20700000.0,0.0,20700000,20700000
3228,443,6,11746166,6,8,676,3695,387,0,112.6666667,155.3520733,1460,0,461.875,652.749446,372.1214224,1.191878269,903551.2308,3195074.073,11500000,1,140076,28015.2,24918.14603,47239,352,11700000,1671645.429,4350339.552,11500000,1,0,0,0,0,132,172,0.510804972,0.681073297,0,1460,291.4,507.9598972,258023.2571,0,0,1,1,0,0,0,1,1,312.2142857,112.6666667,461.875,0,0,0,0,0,0,6,676,8,3695,8192,7516,3,20,208843.0,0.0,208843,208843,11500000.0,0.0,11500000,11500000
