index,dst_port,protocol,flow_duration,tot_fwd_pkts,tot_bwd_pkts,totlen_fwd_pkts,totlen_bwd_pkts,fwd_pkt_len_max,fwd_pkt_len_min,fwd_pkt_len_mean,fwd_pkt_len_std,bwd_pkt_len_max,bwd_pkt_len_min,bwd_pkt_len_mean,bwd_pkt_len_std,flow_byts/s,flow_pkts/s,flow_iat_mean,flow_iat_std,flow_iat_max,flow_iat_min,fwd_iat_tot,fwd_iat_mean,fwd_iat_std,fwd_iat_max,fwd_iat_min,bwd_iat_tot,bwd_iat_mean,bwd_iat_std,bwd_iat_max,bwd_iat_min,fwd_psh_flags,bwd_psh_flags,fwd_urg_flags,bwd_urg_flags,fwd_header_len,bwd_header_len,fwd_pkts/s,bwd_pkts/s,pkt_len_min,pkt_len_max,pkt_len_mean,pkt_len_std,pkt_len_var,fin_flag_cnt,syn_flag_cnt,rst_flag_cnt,psh_flag_cnt,ack_flag_cnt,urg_flag_cnt,cwe_flag_count,ece_flag_cnt,down/up_ratio,pkt_size_avg,fwd_seg_size_avg,bwd_seg_size_avg,fwd_byts/b_avg,fwd_pkts/b_avg,fwd_blk_rate_avg,bwd_byts/b_avg,bwd_pkts/b_avg,bwd_blk_rate_avg,subflow_fwd_pkts,subflow_fwd_byts,subflow_bwd_pkts,subflow_bwd_byts,init_fwd_win_byts,init_bwd_win_byts,fwd_act_data_pkts,fwd_seg_size_min,active_mean,active_std,active_max,active_min,idle_mean,idle_std,idle_max,idle_min
2941,443,6,198,3,0,77,0,46,0,25.66666667,23.45918441,0,0,0.0,0.0,388888.8889,15151.51515,99.0,121.6223664,185,13,198,99.0,121.6223664,185,13,0,0.0,0.0,0,0,1,0,0,0,60,0,15151.51515,0.0,0,46,30.75,21.68524844,470.25,0,1,0,0,1,0,0,0,0,41.0,25.66666667,0.0,0,0,0,0,0,0,3,77,0,0,256,-1,1,20,0.0,0.0,0,0,0.0,0.0,0,0
2942,443,6,223,3,0,77,0,46,0,25.66666667,23.45918441,0,0,0.0,0.0,345291.4798,13452.9148,111.5,130.8147545,204,19,223,111.5,130.8147545,204,19,0,0.0,0.0,0,0,1,0,0,0,60,0,13452.9148,0.0,0,46,30.75,21.68524844,470.25,0,1,0,0,1,0,0,0,0,41.0,25.66666667,0.0,0,0,0,0,0,0,3,77,0,0,256,-1,1,20,0.0,0.0,0,0,0.0,0.0,0,0
2943,443,6,587,3,0,77,0,46,0,25.66666667,23.45918441,0,0,0.0,0.0,131175.4685,5110.732538,293.5,395.2726907,573,14,587,293.5,395.2726907,573,14,0,0.0,0.0,0,0,1,0,0,0,60,0,5110.732538,0.0,0,46,30.75,21.68524844,470.25,0,1,0,0,1,0,0,0,0,41.0,25.66666667,0.0,0,0,0,0,0,0,3,77,0,0,258,-1,1,20,0.0,0.0,0,0,0.0,0.0,0,0
2944,443,6,763,3,0,77,0,46,0,25.66666667,23.45918441,0,0,0.0,0.0,100917.4312,3931.847969,381.5,526.794552,754,9,763,381.5,526.794552,754,9,0,0.0,0.0,0,0,1,0,0,0,60,0,3931.847969,0.0,0,46,30.75,21.68524844,470.25,0,1,0,0,1,0,0,0,0,41.0,25.66666667,0.0,0,0,0,0,0,0,3,77,0,0,254,-1,1,20,0.0,0.0,0,0,0.0,0.0,0,0
2945,443,6,852,3,0,77,0,46,0,25.66666667,23.45918441,0,0,0.0,0.0,90375.58685,3521.126761,426.0,589.7270555,843,9,852,426.0,589.7270555,843,9,0,0.0,0.0,0,0,1,0,0,0,60,0,3521.126761,0.0,0,46,30.75,21.68524844,470.25,0,1,0,0,1,0,0,0,0,41.0,25.66666667,0.0,0,0,0,0,0,0,3,77,0,0,258,-1,1,20,0.0,0.0,0,0,0.0,0.0,0,0
2947,443,6,232,3,0,77,0,46,0,25.66666667,23.45918441,0,0,0.0,0.0,331896.5517,12931.03448,116.0,141.4213562,216,16,232,116.0,141.4213562,216,16,0,0.0,0.0,0,0,1,0,0,0,60,0,12931.03448,0.0,0,46,30.75,21.68524844,470.25,0,1,0,0,1,0,0,0,0,41.0,25.66666667,0.0,0,0,0,0,0,0,3,77,0,0,256,-1,1,20,0.0,0.0,0,0,0.0,0.0,0,0
2948,443,6,232,3,0,77,0,46,0,25.66666667,23.45918441,0,0,0.0,0.0,331896.5517,12931.03448,116.0,140.0071427,215,17,232,116.0,140.0071427,215,17,0,0.0,0.0,0,0,1,0,0,0,60,0,12931.03448,0.0,0,46,30.75,21.68524844,470.25,0,1,0,0,1,0,0,0,0,41.0,25.66666667,0.0,0,0,0,0,0,0,3,77,0,0,254,-1,1,20,0.0,0.0,0,0,0.0,0.0,0,0
2949,443,6,496,3,0,77,0,46,0,25.66666667,23.45918441,0,0,0.0,0.0,155241.9355,6048.387097,248.0,330.9259736,482,14,496,248.0,330.9259736,482,14,0,0.0,0.0,0,0,1,0,0,0,60,0,6048.387097,0.0,0,46,30.75,21.68524844,470.25,0,1,0,0,1,0,0,0,0,41.0,25.66666667,0.0,0,0,0,0,0,0,3,77,0,0,258,-1,1,20,0.0,0.0,0,0,0.0,0.0,0,0
2950,443,6,598,3,0,77,0,46,0,25.66666667,23.45918441,0,0,0.0,0.0,128762.5418,5016.722408,299.0,401.6366517,583,15,598,299.0,401.6366517,583,15,0,0.0,0.0,0,0,1,0,0,0,60,0,5016.722408,0.0,0,46,30.75,21.68524844,470.25,0,1,0,0,1,0,0,0,0,41.0,25.66666667,0.0,0,0,0,0,0,0,3,77,0,0,256,-1,1,20,0.0,0.0,0,0,0.0,0.0,0,0
2951,443,6,1003,3,0,77,0,46,0,25.66666667,23.45918441,0,0,0.0,0.0,76769.69093,2991.026919,501.5,688.0148981,988,15,1003,501.5,688.0148981,988,15,0,0.0,0.0,0,0,1,0,0,0,60,0,2991.026919,0.0,0,46,30.75,21.68524844,470.25,0,1,0,0,1,0,0,0,0,41.0,25.66666667,0.0,0,0,0,0,0,0,3,77,0,0,253,-1,1,20,0.0,0.0,0,0,0.0,0.0,0,0
2952,443,6,959,3,0,77,0,46,0,25.66666667,23.45918441,0,0,0.0,0.0,80291.9708,3128.258603,479.5,645.5884912,936,23,959,479.5,645.5884912,936,23,0,0.0,0.0,0,0,1,0,0,0,60,0,3128.258603,0.0,0,46,30.75,21.68524844,470.25,0,1,0,0,1,0,0,0,0,41.0,25.66666667,0.0,0,0,0,0,0,0,3,77,0,0,255,-1,1,20,0.0,0.0,0,0,0.0,0.0,0,0
2953,52371,6,121,3,1,77,0,46,0,25.66666667,23.45918441,0,0,0.0,0.0,636363.6364,33057.85124,40.33333333,52.72886622,100,0,121,60.5,85.55992052,121,0,0,0.0,0.0,0,0,1,0,0,0,60,20,24793.38843,8264.46281,0,46,24.6,23.27659769,541.8,0,1,0,0,1,0,0,0,0,30.75,25.66666667,0.0,0,0,0,0,0,0,3,77,1,0,136,0,1,20,0.0,0.0,0,0,0.0,0.0,0,0
2954,52384,6,1,2,0,0,0,0,0,0.0,0.0,0,0,0.0,0.0,0.0,2000000.0,1.0,0.0,1,1,1,1.0,0.0,1,1,0,0.0,0.0,0,0,0,0,0,0,40,0,2000000.0,0.0,0,0,0.0,0.0,0.0,0,0,0,0,1,0,0,0,0,0.0,0.0,0.0,0,0,0,0,0,0,2,0,0,0,176,-1,0,20,0.0,0.0,0,0,0.0,0.0,0,0
2955,445,6,243950,3,1,0,0,0,0,0.0,0.0,0,0,0.0,0.0,0.0,16.39680262,81316.66667,140791.7737,243889,1,243950,121975.0,172497.2851,243949,1,0,0.0,0.0,0,0,0,0,0,0,72,32,12.29760197,4.099200656,0,0,0.0,0.0,0.0,0,0,0,1,0,0,0,0,0,0.0,0.0,0.0,0,0,0,0,0,0,3,0,1,0,8192,8192,0,20,0.0,0.0,0,0,0.0,0.0,0,0
2956,443,6,94560,6,6,708,2206,387,0,118.0,159.2846509,1460,0,367.6666667,580.7177169,30816.41286,126.9035533,8596.363636,11364.57037,24593,0,72803,14560.6,12473.71331,24614,300,71704,14340.8,13062.22421,24912,0,0,0,0,0,132,132,63.45177665,63.45177665,0,1460,224.1538462,413.7688256,171204.641,0,0,1,1,0,0,0,1,1,242.8333333,118.0,367.6666667,0,0,0,0,0,0,6,708,6,2206,8192,7484,3,20,0.0,0.0,0,0,0.0,0.0,0,0
2957,443,6,326,3,0,31,0,31,0,10.33333333,17.89785834,0,0,0.0,0.0,95092.02454,9202.453988,163.0,181.019336,291,35,326,163.0,181.019336,291,35,0,0.0,0.0,0,0,0,0,0,0,60,0,9202.453988,0.0,0,31,7.75,15.5,240.25,0,0,0,0,1,0,0,0,0,10.33333333,10.33333333,0.0,0,0,0,0,0,0,3,31,0,0,258,-1,1,20,0.0,0.0,0,0,0.0,0.0,0,0
2958,445,6,265510,3,1,0,0,0,0,0.0,0.0,0,0,0.0,0.0,0.0,15.06534594,88503.33333,152292.8364,264355,76,265510,132755.0,186217.985,264431,1079,0,0.0,0.0,0,0,0,0,0,0,68,28,11.29900945,3.766336485,0,0,0.0,0.0,0.0,0,0,0,1,0,0,0,0,0,0.0,0.0,0.0,0,0,0,0,0,0,3,0,1,0,8192,8192,0,20,0.0,0.0,0,0,0.0,0.0,0,0
2959,445,6,197309,3,1,0,0,0,0,0.0,0.0,0,0,0.0,0.0,0.0,20.27277012,65769.66667,113874.8376,197261,0,197309,98654.5,139518.5319,197309,0,0,0.0,0.0,0,0,0,0,0,0,72,32,15.20457759,5.06819253,0,0,0.0,0.0,0.0,0,0,0,1,0,0,0,0,0,0.0,0.0,0.0,0,0,0,0,0,0,3,0,1,0,8192,8192,0,20,0.0,0.0,0,0,0.0,0.0,0,0
2961,443,6,239,2,0,0,0,0,0,0.0,0.0,0,0,0.0,0.0,0.0,8368.200837,239.0,0.0,239,239,239,239.0,0.0,239,239,0,0.0,0.0,0,0,0,0,0,0,40,0,8368.200837,0.0,0,0,0.0,0.0,0.0,0,0,0,0,1,0,0,0,0,0.0,0.0,0.0,0,0,0,0,0,0,2,0,0,0,258,-1,0,20,0.0,0.0,0,0,0.0,0.0,0,0
2962,80,6,24309,3,5,434,2337,434,0,144.6666667,250.5700168,1460,0,467.4,672.3866447,113990.703,329.0962195,3472.714286,5812.254488,12156,0,11970,5985.0,8249.107709,11818,152,12507,3126.75,6132.096943,12324,0,0,0,0,0,72,112,123.4110823,205.6851372,0,1460,307.8888889,528.6687158,279490.6111,0,0,1,1,0,0,0,1,1,346.375,144.6666667,467.4,0,0,0,0,0,0,3,434,5,2337,8192,237,1,20,0.0,0.0,0,0,0.0,0.0,0,0
2963,80,6,186,2,0,0,0,0,0,0.0,0.0,0,0,0.0,0.0,0.0,10752.68817,186.0,0.0,186,186,186,186.0,0.0,186,186,0,0.0,0.0,0,0,0,0,0,0,40,0,10752.68817,0.0,0,0,0.0,0.0,0.0,0,0,0,0,1,0,0,0,0,0.0,0.0,0.0,0,0,0,0,0,0,2,0,0,0,256,-1,0,20,0.0,0.0,0,0,0.0,0.0,0,0
2965,443,6,207,2,0,0,0,0,0,0.0,0.0,0,0,0.0,0.0,0.0,9661.835749,207.0,0.0,207,207,207,207.0,0.0,207,207,0,0.0,0.0,0,0,0,0,0,0,40,0,9661.835749,0.0,0,0,0.0,0.0,0.0,0,0,0,0,1,0,0,0,0,0.0,0.0,0.0,0,0,0,0,0,0,2,0,0,0,255,-1,0,20,0.0,0.0,0,0,0.0,0.0,0,0
2966,443,6,60398,9,7,557,3773,206,0,61.88888889,88.34371008,1460,0,539.0,655.4329358,71691.1156,264.9094341,4026.533333,6043.405814,16918,1,60398,7549.75,7536.80794,19826,24,43982,7330.333333,10521.1155,23973,1,0,0,0,0,192,152,149.0115567,115.8978774,0,1460,254.7058824,474.6863128,225327.0956,0,0,1,1,0,0,0,1,0,270.625,61.88888889,539.0,0,0,0,0,0,0,9,557,7,3773,8192,119,4,20,0.0,0.0,0,0,0.0,0.0,0,0
2967,443,6,70200,9,7,557,3782,206,0,61.88888889,88.34371008,1460,0,540.2857143,654.3652686,61809.11681,227.9202279,4680.0,7559.720469,17633,1,70200,8775.0,9183.227475,18632,17,53431,8905.166667,14135.54742,34610,1,0,0,0,0,192,152,128.2051282,99.71509972,0,1460,255.2352941,474.4712227,225122.9412,0,0,1,1,0,0,0,1,0,271.1875,61.88888889,540.2857143,0,0,0,0,0,0,9,557,7,3782,8192,123,4,20,0.0,0.0,0,0,0.0,0.0,0,0
2968,52456,6,7991,2,1,38,0,38,0,19.0,26.87005769,0,0,0.0,0.0,4755.349768,375.4223501,3995.5,5622.206017,7971,20,7991,7991.0,0.0,7991,7991,0,0.0,0.0,0,0,1,0,0,0,40,20,250.2815668,125.1407834,0,38,19.0,21.93931023,481.3333333,0,1,0,0,1,0,0,0,0,25.33333333,19.0,0.0,0,0,0,0,0,0,2,38,1,0,123,0,0,20,0.0,0.0,0,0,0.0,0.0,0,0
2969,443,6,977158,19,62,2338,61593,659,0,123.0526316,215.9566504,1380,0,993.4354839,580.0379473,65425.44809,82.89345224,12214.475,49693.2821,431092,0,977158,54286.55556,97296.14521,431092,20,935230,15331.63934,69302.87809,529684,0,0,0,0,0,392,1248,19.44414312,63.44930912,0,1380,779.6463415,638.2398127,407350.0586,0,0,1,1,0,0,0,1,3,789.2716049,123.0526316,993.4354839,0,0,0,0,0,0,19,2338,62,61593,8192,6447,7,20,0.0,0.0,0,0,0.0,0.0,0,0
2970,52448,6,14728,11,1,13205,0,1380,0,1200.454545,436.3281709,0,0,0.0,0.0,896591.5263,814.774579,1338.909091,4431.045463,14699,0,14728,1472.8,4654.943007,14721,0,0,0.0,0.0,0,0,0,0,0,0,220,20,746.8766974,67.89788159,0,1380,1121.923077,524.1641698,274748.0769,0,0,0,0,1,0,0,0,0,1215.416667,1200.454545,0.0,0,0,0,0,0,0,11,13205,1,0,6447,0,9,20,0.0,0.0,0,0,0.0,0.0,0,0
2971,80,6,49009,3,4,436,859,436,0,145.3333333,251.7247174,859,0,214.75,429.5,26423.71809,142.8309086,8168.166667,12319.93583,24211,1,24396,12198.0,17014.40337,24229,167,24798,8266.0,13728.15279,24113,1,0,0,0,0,72,92,61.21324655,81.61766206,0,859,161.875,320.3455445,102621.2679,0,0,1,1,0,0,0,1,1,185.0,145.3333333,214.75,0,0,0,0,0,0,3,436,4,859,8192,31,1,20,0.0,0.0,0,0,0.0,0.0,0,0
2972,80,6,208,2,0,0,0,0,0,0.0,0.0,0,0,0.0,0.0,0.0,9615.384615,208.0,0.0,208,208,208,208.0,0.0,208,208,0,0.0,0.0,0,0,0,0,0,0,40,0,9615.384615,0.0,0,0,0.0,0.0,0.0,0,0,0,0,1,0,0,0,0,0.0,0.0,0.0,0,0,0,0,0,0,2,0,0,0,253,-1,0,20,0.0,0.0,0,0,0.0,0.0,0,0
2973,443,6,70596,9,7,513,3285,195,0,57.0,83.68841019,1430,0,469.2857143,663.1738621,53799.0821,226.6417361,4706.4,7152.069708,24152,0,70596,8824.5,9584.670111,24152,18,58774,9795.666667,14585.21344,37531,0,0,0,0,0,192,152,127.4859765,99.15575953,0,1430,223.4117647,462.1386506,213572.1324,0,0,1,1,0,0,0,1,0,237.375,57.0,469.2857143,0,0,0,0,0,0,9,513,7,3285,8192,172,4,20,0.0,0.0,0,0,0.0,0.0,0,0
2974,52482,6,3667,2,1,38,0,38,0,19.0,26.87005769,0,0,0.0,0.0,10362.6943,818.1074448,1833.5,2568.918936,3650,17,3667,3667.0,0.0,3667,3667,0,0.0,0.0,0,0,1,0,0,0,40,20,545.4049632,272.7024816,0,38,19.0,21.93931023,481.3333333,0,1,0,0,1,0,0,0,0,25.33333333,19.0,0.0,0,0,0,0,0,0,2,38,1,0,176,0,0,20,0.0,0.0,0,0,0.0,0.0,0,0
2975,443,6,333413,9,7,519,3234,201,0,57.66666667,84.93968448,1430,0,462.0,668.5244947,11256.30974,47.98853074,22227.53333,38520.21314,96794,0,333413,41676.625,50346.70502,114531,17,236610,39435.0,55183.56113,121712,0,0,0,0,0,192,152,26.99354854,20.9949822,0,1430,220.7647059,463.3286535,214673.4412,0,0,1,1,0,0,0,1,0,234.5625,57.66666667,462.0,0,0,0,0,0,0,9,519,7,3234,8192,172,4,20,0.0,0.0,0,0,0.0,0.0,0,0
2976,52481,6,92445,2,1,38,0,38,0,19.0,26.87005769,0,0,0.0,0.0,411.055222,32.45172805,46222.5,65343.03054,92427,18,92445,92445.0,0.0,92445,92445,0,0.0,0.0,0,0,1,0,0,0,40,20,21.63448537,10.81724268,0,38,19.0,21.93931023,481.3333333,0,1,0,0,1,0,0,0,0,25.33333333,19.0,0.0,0,0,0,0,0,0,2,38,1,0,176,0,0,20,0.0,0.0,0,0,0.0,0.0,0,0
2977,443,6,154905,9,6,518,2878,200,0,57.55555556,84.72914362,1430,0,479.6666667,624.3174406,21923.11417,96.83354314,11064.64286,18603.22354,64296,0,154905,19363.125,21522.08261,64296,17,70935,14187.0,22033.48026,50602,0,0,0,0,0,192,132,58.10012588,38.73341726,0,1430,212.25,423.9329349,179719.1333,0,0,1,1,0,0,0,1,0,226.4,57.55555556,479.6666667,0,0,0,0,0,0,9,518,6,2878,8192,172,4,20,0.0,0.0,0,0,0.0,0.0,0,0
2978,443,6,156535,9,6,518,2878,200,0,57.55555556,84.72914362,1430,0,479.6666667,624.3174406,21694.82863,95.82521481,11181.07143,17707.39002,50067,1,156535,19566.875,19883.53683,50067,15,86740,17348.0,28801.239,66405,1,0,0,0,0,192,132,57.49512888,38.33008592,0,1430,212.25,423.9329349,179719.1333,0,0,1,1,0,0,0,1,0,226.4,57.55555556,479.6666667,0,0,0,0,0,0,9,518,6,2878,8192,172,4,20,0.0,0.0,0,0,0.0,0.0,0,0
2979,443,6,158984,9,6,518,2878,200,0,57.55555556,84.72914362,1430,0,479.6666667,624.3174406,21360.64006,94.34911689,11356.0,18741.42809,62527,1,158984,19873.0,21513.35341,62527,10,102621,20524.2,35541.7546,82288,1,0,0,0,0,192,132,56.60947014,37.73964676,0,1430,212.25,423.9329349,179719.1333,0,0,1,1,0,0,0,1,0,226.4,57.55555556,479.6666667,0,0,0,0,0,0,9,518,6,2878,8192,172,4,20,0.0,0.0,0,0,0.0,0.0,0,0
2980,52498,6,664,2,1,38,0,38,0,19.0,26.87005769,0,0,0.0,0.0,57228.91566,4518.072289,332.0,444.0630586,646,18,664,664.0,0.0,664,664,0,0.0,0.0,0,0,1,0,0,0,40,20,3012.048193,1506.024096,0,38,19.0,21.93931023,481.3333333,0,1,0,0,1,0,0,0,0,25.33333333,19.0,0.0,0,0,0,0,0,0,2,38,1,0,176,0,0,20,0.0,0.0,0,0,0.0,0.0,0,0
2981,52497,6,1031,2,1,38,0,38,0,19.0,26.87005769,0,0,0.0,0.0,36857.41998,2909.796314,515.5,703.5712473,1013,18,1031,1031.0,0.0,1031,1031,0,0.0,0.0,0,0,1,0,0,0,40,20,1939.86421,969.9321048,0,38,19.0,21.93931023,481.3333333,0,1,0,0,1,0,0,0,0,25.33333333,19.0,0.0,0,0,0,0,0,0,2,38,1,0,176,0,0,20,0.0,0.0,0,0,0.0,0.0,0,0
2985,139,6,1942,2,0,0,0,0,0,0.0,0.0,0,0,0.0,0.0,0.0,1029.866117,1942.0,0.0,1942,1942,1942,1942.0,0.0,1942,1942,0,0.0,0.0,0,0,0,0,0,0,40,0,1029.866117,0.0,0,0,0.0,0.0,0.0,0,0,0,0,1,0,0,0,0,0.0,0.0,0.0,0,0,0,0,0,0,2,0,0,0,2240,-1,0,20,0.0,0.0,0,0,0.0,0.0,0,0
2987,139,6,433,3,2,168,5,168,0,56.0,96.99484522,5,0,2.5,3.535533906,399538.1062,11547.34411,108.25,111.1076805,255,13,420,210.0,108.8944443,287,133,401,401.0,0.0,401,401,0,0,0,0,72,52,6928.406467,4618.937644,0,168,28.83333333,68.20679341,4652.166667,0,0,1,1,0,0,0,1,0,34.6,56.0,2.5,0,0,0,0,0,0,3,168,2,5,8192,280,1,20,0.0,0.0,0,0,0.0,0.0,0,0
2988,139,6,86,2,0,0,0,0,0,0.0,0.0,0,0,0.0,0.0,0.0,23255.81395,86.0,0.0,86,86,86,86.0,0.0,86,86,0,0.0,0.0,0,0,0,0,0,0,40,0,23255.81395,0.0,0,0,0.0,0.0,0.0,0,0,0,0,1,0,0,0,0,0.0,0.0,0.0,0,0,0,0,0,0,2,0,0,0,2240,-1,0,20,0.0,0.0,0,0,0.0,0.0,0,0
2990,135,6,1364,3,3,168,24,168,0,56.0,96.99484522,24,0,8.0,13.85640646,140762.4633,4398.826979,272.8,369.9502669,906,18,440,220.0,149.9066376,326,114,1328,664.0,913.5819613,1310,18,0,0,0,0,72,72,2199.41349,2199.41349,0,168,27.42857143,62.62815433,3922.285714,0,0,1,1,0,0,0,1,1,32.0,56.0,8.0,0,0,0,0,0,0,3,168,3,24,8192,2240,1,20,0.0,0.0,0,0,0.0,0.0,0,0
2992,3389,6,4760,4,2,42,19,42,0,10.5,21.0,19,0,9.5,13.43502884,12815.12605,1260.504202,952.0,1656.396239,3902,58,4760,1586.666667,2343.481242,4285,61,4319,4319.0,0.0,4319,4319,0,0,0,0,92,52,840.3361345,420.1680672,0,42,8.714285714,16.29636243,265.5714286,0,0,1,1,0,0,0,1,0,10.16666667,10.5,9.5,0,0,0,0,0,0,4,42,2,19,8192,63958,1,20,0.0,0.0,0,0,0.0,0.0,0,0
2994,135,6,218356,2,0,0,0,0,0,0.0,0.0,0,0,0.0,0.0,0.0,9.159354449,218356.0,0.0,218356,218356,218356,218356.0,0.0,218356,218356,0,0.0,0.0,0,0,1,0,1,0,80,0,9.159354449,0.0,0,0,0.0,0.0,0.0,0,1,0,1,0,1,1,0,0,0.0,0.0,0.0,0,0,0,0,0,0,2,0,0,0,256,-1,0,40,0.0,0.0,0,0,0.0,0.0,0,0
2995,30536,6,218724,2,0,0,0,0,0,0.0,0.0,0,0,0.0,0.0,0.0,9.143943966,218724.0,0.0,218724,218724,218724,218724.0,0.0,218724,218724,0,0.0,0.0,0,0,1,0,1,0,80,0,9.143943966,0.0,0,0,0.0,0.0,0.0,0,1,0,0,0,1,1,0,0,0.0,0.0,0.0,0,0,0,0,0,0,2,0,0,0,65535,-1,0,40,0.0,0.0,0,0,0.0,0.0,0,0
2996,135,6,219189,2,0,0,0,0,0,0.0,0.0,0,0,0.0,0.0,0.0,9.124545484,219189.0,0.0,219189,219189,219189,219189.0,0.0,219189,219189,0,0.0,0.0,0,0,1,0,1,0,80,0,9.124545484,0.0,0,0,0.0,0.0,0.0,0,1,0,1,0,1,1,0,0,0.0,0.0,0.0,0,0,0,0,0,0,2,0,0,0,256,-1,0,40,0.0,0.0,0,0,0.0,0.0,0,0
2997,52493,6,999859,2,0,0,0,0,0,0.0,0.0,0,0,0.0,0.0,0.0,2.00028204,999859.0,0.0,999859,999859,999859,999859.0,0.0,999859,999859,0,0.0,0.0,0,0,0,0,0,0,40,0,2.00028204,0.0,0,0,0.0,0.0,0.0,0,0,0,0,1,0,0,0,0,0.0,0.0,0.0,0,0,0,0,0,0,2,0,0,0,5144,-1,0,20,0.0,0.0,0,0,0.0,0.0,0,0
2998,30536,6,218486,2,0,0,0,0,0,0.0,0.0,0,0,0.0,0.0,0.0,9.153904598,218486.0,0.0,218486,218486,218486,218486.0,0.0,218486,218486,0,0.0,0.0,0,0,1,0,1,0,80,0,9.153904598,0.0,0,0,0.0,0.0,0.0,0,1,0,0,0,1,1,0,0,0.0,0.0,0.0,0,0,0,0,0,0,2,0,0,0,65535,-1,0,40,0.0,0.0,0,0,0.0,0.0,0,0
2999,135,6,218736,2,0,0,0,0,0,0.0,0.0,0,0,0.0,0.0,0.0,9.143442323,218736.0,0.0,218736,218736,218736,218736.0,0.0,218736,218736,0,0.0,0.0,0,0,1,0,1,0,80,0,9.143442323,0.0,0,0,0.0,0.0,0.0,0,1,0,1,0,1,1,0,0,0.0,0.0,0.0,0,0,0,0,0,0,2,0,0,0,256,-1,0,40,0.0,0.0,0,0,0.0,0.0,0,0
3000,36730,6,218495,2,0,0,0,0,0,0.0,0.0,0,0,0.0,0.0,0.0,9.153527541,218495.0,0.0,218495,218495,218495,218495.0,0.0,218495,218495,0,0.0,0.0,0,0,1,0,1,0,80,0,9.153527541,0.0,0,0,0.0,0.0,0.0,0,1,0,0,0,1,1,0,0,0.0,0.0,0.0,0,0,0,0,0,0,2,0,0,0,65535,-1,0,40,0.0,0.0,0,0,0.0,0.0,0,0
3001,135,6,218395,2,0,0,0,0,0,0.0,0.0,0,0,0.0,0.0,0.0,9.157718812,218395.0,0.0,218395,218395,218395,218395.0,0.0,218395,218395,0,0.0,0.0,0,0,1,0,1,0,80,0,9.157718812,0.0,0,0,0.0,0.0,0.0,0,1,0,1,0,1,1,0,0,0.0,0.0,0.0,0,0,0,0,0,0,2,0,0,0,256,-1,0,40,0.0,0.0,0,0,0.0,0.0,0,0
3002,36730,6,218587,2,0,0,0,0,0,0.0,0.0,0,0,0.0,0.0,0.0,9.149674958,218587.0,0.0,218587,218587,218587,218587.0,0.0,218587,218587,0,0.0,0.0,0,0,1,0,1,0,80,0,9.149674958,0.0,0,0,0.0,0.0,0.0,0,1,0,0,0,1,1,0,0,0.0,0.0,0.0,0,0,0,0,0,0,2,0,0,0,65535,-1,0,40,0.0,0.0,0,0,0.0,0.0,0,0
3003,3389,6,119144,8,3,677,1953,342,0,84.625,142.430873,1878,0,651.0,1063.274659,22074.12879,92.32525347,11914.4,12802.78162,33276,0,119144,17020.57143,15185.90763,33276,0,65148,32574.0,28052.34022,52410,12738,0,0,0,0,172,72,67.14563889,25.17961458,0,1878,219.1666667,535.587839,286854.3333,0,0,1,1,0,0,0,1,0,239.0909091,84.625,651.0,0,0,0,0,0,0,8,677,3,1953,8192,63376,3,20,0.0,0.0,0,0,0.0,0.0,0,0
3004,3389,6,280810,5,2,58,1873,58,0,11.6,25.93838854,1873,0,936.5,1324.411001,6876.535736,24.92788718,46801.66667,74907.92561,193328,48,280810,70202.5,85405.66806,193328,752,72722,72722.0,0.0,72722,72722,0,0,0,0,112,52,17.8056337,7.122253481,0,1873,241.375,659.5883863,435056.8393,0,0,1,1,0,0,0,1,0,275.8571429,11.6,936.5,0,0,0,0,0,0,5,58,2,1873,8192,63942,1,20,0.0,0.0,0,0,0.0,0.0,0,0
3005,3389,6,333113,5,2,150,1873,150,0,30.0,67.08203932,1873,0,936.5,1324.411001,6073.014262,21.01389018,55518.83333,80614.78916,177606,35,333113,83278.25,88242.69673,177606,825,145370,145370.0,0.0,145370,145370,0,0,0,0,112,52,15.00992156,6.003968623,0,1873,252.875,656.7303072,431294.6964,0,0,1,1,0,0,0,1,0,289.0,30.0,936.5,0,0,0,0,0,0,5,150,2,1873,8192,63850,1,20,0.0,0.0,0,0,0.0,0.0,0,0
3006,445,6,281310,5,2,53,131,53,0,10.6,23.70232056,131,0,65.5,92.63098834,654.0826846,24.88358039,46885.0,68025.37516,155187,43,281310,70327.5,74277.69331,155187,1127,156562,156562.0,0.0,156562,156562,0,0,0,0,112,52,17.77398599,7.109594398,0,131,23.0,47.4160913,2248.285714,0,0,1,1,0,0,0,1,0,26.28571429,10.6,65.5,0,0,0,0,0,0,5,53,2,131,8192,2240,1,20,0.0,0.0,0,0,0.0,0.0,0,0
3007,445,6,187420,5,2,106,174,106,0,21.2,47.40464112,174,0,87.0,123.0365799,1493.970761,37.34926902,31236.66667,38814.50257,94201,26,187420,46855.0,40206.98468,94201,944,67631,67631.0,0.0,67631,67631,0,0,0,0,112,52,26.6780493,10.67121972,0,174,35.0,67.30739717,4530.285714,0,0,1,1,0,0,0,1,0,40.0,21.2,87.0,0,0,0,0,0,0,5,106,2,174,8192,2240,1,20,0.0,0.0,0,0,0.0,0.0,0,0
3008,445,6,188045,5,2,106,174,106,0,21.2,47.40464112,174,0,87.0,123.0365799,1489.005291,37.22513228,31340.83333,45607.62265,110701,25,188045,47011.25,49875.29453,110701,1098,63398,63398.0,0.0,63398,63398,0,0,0,0,112,52,26.5893802,10.63575208,0,174,35.0,67.30739717,4530.285714,0,0,1,1,0,0,0,1,0,40.0,21.2,87.0,0,0,0,0,0,0,5,106,2,174,8192,2240,1,20,0.0,0.0,0,0,0.0,0.0,0,0
3009,445,6,438285,9,4,279,211,139,0,31.0,51.29571132,133,0,52.75,56.57075216,1117.993999,29.66106529,36523.75,47526.62631,110843,30,438285,54785.625,49163.44348,110843,1102,313396,104465.3333,36580.16611,129194,62445,0,0,0,0,192,92,20.53458366,9.126481627,0,139,35.0,50.59644256,2560.0,0,0,1,1,0,0,0,1,0,37.69230769,31.0,52.75,0,0,0,0,0,0,9,279,4,211,8192,2239,3,20,0.0,0.0,0,0,0.0,0.0,0,0
3011,445,6,174153,3,1,0,0,0,0,0.0,0.0,0,0,0.0,0.0,0.0,22.96830948,58051.0,99216.07876,172613,69,174153,87076.5,121064.4591,172682,1471,0,0.0,0.0,0,0,0,0,0,0,72,32,17.22623211,5.742077369,0,0,0.0,0.0,0.0,0,0,0,1,0,0,0,0,0,0.0,0.0,0.0,0,0,0,0,0,0,3,0,1,0,8192,8192,0,20,0.0,0.0,0,0,0.0,0.0,0,0
3013,445,6,186853,5,2,53,131,53,0,10.6,23.70232056,131,0,65.5,92.63098834,984.7313129,37.46260429,31142.16667,45053.96213,109620,40,186853,46713.25,49151.58707,109620,1223,62576,62576.0,0.0,62576,62576,0,0,0,0,112,52,26.75900307,10.70360123,0,131,23.0,47.4160913,2248.285714,0,0,1,1,0,0,0,1,0,26.28571429,10.6,65.5,0,0,0,0,0,0,5,53,2,131,8192,2240,1,20,0.0,0.0,0,0,0.0,0.0,0,0
3014,445,6,187231,5,2,53,131,53,0,10.6,23.70232056,131,0,65.5,92.63098834,982.7432423,37.38697117,31205.16667,45164.15573,109844,25,187231,46807.75,49275.92216,109844,955,62395,62395.0,0.0,62395,62395,0,0,0,0,112,52,26.70497941,10.68199176,0,131,23.0,47.4160913,2248.285714,0,0,1,1,0,0,0,1,0,26.28571429,10.6,65.5,0,0,0,0,0,0,5,53,2,131,8192,2240,1,20,0.0,0.0,0,0,0.0,0.0,0,0
3015,445,6,187643,5,2,53,131,53,0,10.6,23.70232056,131,0,65.5,92.63098834,980.5854735,37.30488214,31273.83333,45302.54853,110148,36,187643,46910.75,49447.49869,110148,953,62628,62628.0,0.0,62628,62628,0,0,0,0,112,52,26.64634439,10.65853776,0,131,23.0,47.4160913,2248.285714,0,0,1,1,0,0,0,1,0,26.28571429,10.6,65.5,0,0,0,0,0,0,5,53,2,131,8192,2240,1,20,0.0,0.0,0,0,0.0,0.0,0,0
3016,445,6,175670,3,1,0,0,0,0,0.0,0.0,0,0,0.0,0.0,0.0,22.76996641,58556.66667,101212.6945,175427,63,175670,87835.0,123962.8898,175490,180,0,0.0,0.0,0,0,0,0,0,0,72,32,17.07747481,5.692491604,0,0,0.0,0.0,0.0,0,0,0,1,0,0,0,0,0,0.0,0.0,0.0,0,0,0,0,0,0,3,0,1,0,8192,8192,0,20,0.0,0.0,0,0,0.0,0.0,0,0
3017,445,6,248001,3,1,0,0,0,0,0.0,0.0,0,0,0.0,0.0,0.0,16.12896722,82667.0,143151.4024,247964,0,248001,124000.5,175363.1888,248001,0,0,0.0,0.0,0,0,0,0,0,0,72,32,12.09672542,4.032241805,0,0,0.0,0.0,0.0,0,0,0,1,0,0,0,0,0,0.0,0.0,0.0,0,0,0,0,0,0,3,0,1,0,8192,8192,0,20,0.0,0.0,0,0,0.0,0.0,0,0
3019,443,6,203,2,0,0,0,0,0,0.0,0.0,0,0,0.0,0.0,0.0,9852.216749,203.0,0.0,203,203,203,203.0,0.0,203,203,0,0.0,0.0,0,0,0,0,0,0,40,0,9852.216749,0.0,0,0,0.0,0.0,0.0,0,0,0,0,1,0,0,0,0,0.0,0.0,0.0,0,0,0,0,0,0,2,0,0,0,258,-1,0,20,0.0,0.0,0,0,0.0,0.0,0,0
3021,443,6,236,2,0,0,0,0,0,0.0,0.0,0,0,0.0,0.0,0.0,8474.576271,236.0,0.0,236,236,236,236.0,0.0,236,236,0,0.0,0.0,0,0,0,0,0,0,40,0,8474.576271,0.0,0,0,0.0,0.0,0.0,0,0,0,0,1,0,0,0,0,0.0,0.0,0.0,0,0,0,0,0,0,2,0,0,0,255,-1,0,20,0.0,0.0,0,0,0.0,0.0,0,0
3022,445,6,175207,3,1,0,0,0,0,0.0,0.0,0,0,0.0,0.0,0.0,22.83013807,58402.33333,99856.41013,173704,83,175207,87603.5,121881.8746,173787,1420,0,0.0,0.0,0,0,0,0,0,0,72,32,17.12260355,5.707534516,0,0,0.0,0.0,0.0,0,0,0,1,0,0,0,0,0,0.0,0.0,0.0,0,0,0,0,0,0,3,0,1,0,8192,8192,0,20,0.0,0.0,0,0,0.0,0.0,0,0
3024,443,6,170,3,0,31,0,31,0,10.33333333,17.89785834,0,0,0.0,0.0,182352.9412,17647.05882,85.0,52.32590181,122,48,170,85.0,52.32590181,122,48,0,0.0,0.0,0,0,0,0,0,0,60,0,17647.05882,0.0,0,31,7.75,15.5,240.25,0,0,0,0,1,0,0,0,0,10.33333333,10.33333333,0.0,0,0,0,0,0,0,3,31,0,0,258,-1,1,20,0.0,0.0,0,0,0.0,0.0,0,0
3025,443,6,1332268,11,12,2008,4433,1078,0,182.5454545,315.1251699,1460,0,369.4166667,539.4954644,4834.612856,17.26379377,60557.63636,224760.0796,1063154,1,268894,26889.4,28075.16629,74046,38,1287626,117056.9091,323900.654,1091257,1,0,0,0,0,232,252,8.256597021,9.00719675,0,1460,268.375,440.8598133,194357.375,0,0,1,1,0,0,0,1,1,280.0434783,182.5454545,369.4166667,0,0,0,0,0,0,11,2008,12,4433,8192,8002,6,20,0.0,0.0,0,0,0.0,0.0,0,0
3026,443,6,289,3,0,31,0,31,0,10.33333333,17.89785834,0,0,0.0,0.0,107266.436,10380.62284,144.5,118.0868325,228,61,289,144.5,118.0868325,228,61,0,0.0,0.0,0,0,0,0,0,0,60,0,10380.62284,0.0,0,31,7.75,15.5,240.25,0,0,0,0,1,0,0,0,0,10.33333333,10.33333333,0.0,0,0,0,0,0,0,3,31,0,0,258,-1,1,20,0.0,0.0,0,0,0.0,0.0,0,0
3028,445,6,296942,3,1,0,0,0,0,0.0,0.0,0,0,0.0,0.0,0.0,13.4706441,98980.66667,171113.089,296565,76,296942,148471.0,209544.0235,296641,301,0,0.0,0.0,0,0,0,0,0,0,72,32,10.10298307,3.367661025,0,0,0.0,0.0,0.0,0,0,0,1,0,0,0,0,0,0.0,0.0,0.0,0,0,0,0,0,0,3,0,1,0,8192,8192,0,20,0.0,0.0,0,0,0.0,0.0,0,0
3030,443,6,227,3,0,31,0,31,0,10.33333333,17.89785834,0,0,0.0,0.0,136563.8767,13215.85903,113.5,95.45941546,181,46,227,113.5,95.45941546,181,46,0,0.0,0.0,0,0,0,0,0,0,60,0,13215.85903,0.0,0,31,7.75,15.5,240.25,0,0,0,0,1,0,0,0,0,10.33333333,10.33333333,0.0,0,0,0,0,0,0,3,31,0,0,258,-1,1,20,0.0,0.0,0,0,0.0,0.0,0,0
3043,52462,6,123,3,1,31,0,31,0,10.33333333,17.89785834,0,0,0.0,0.0,252032.5203,32520.3252,41.0,49.0,97,6,123,61.5,50.20458146,97,26,0,0.0,0.0,0,0,0,0,0,0,60,20,24390.2439,8130.081301,0,31,6.2,13.86362146,192.2,0,0,0,0,1,0,0,0,0,7.75,10.33333333,0.0,0,0,0,0,0,0,3,31,1,0,1101,0,1,20,0.0,0.0,0,0,0.0,0.0,0,0
3044,52454,6,339,2,0,0,0,0,0,0.0,0.0,0,0,0.0,0.0,0.0,5899.705015,339.0,0.0,339,339,339,339.0,0.0,339,339,0,0.0,0.0,0,0,0,0,0,0,40,0,5899.705015,0.0,0,0,0.0,0.0,0.0,0,0,0,0,1,0,0,0,0,0.0,0.0,0.0,0,0,0,0,0,0,2,0,0,0,127,-1,0,20,0.0,0.0,0,0,0.0,0.0,0,0
3050,52468,6,74,3,1,31,0,31,0,10.33333333,17.89785834,0,0,0.0,0.0,418918.9189,54054.05405,24.66666667,17.0098011,44,12,74,37.0,26.87005769,56,18,0,0.0,0.0,0,0,0,0,0,0,60,20,40540.54054,13513.51351,0,31,6.2,13.86362146,192.2,0,0,0,0,1,0,0,0,0,7.75,10.33333333,0.0,0,0,0,0,0,0,3,31,1,0,980,0,1,20,0.0,0.0,0,0,0.0,0.0,0,0
3051,52483,6,99,2,0,0,0,0,0,0.0,0.0,0,0,0.0,0.0,0.0,20202.0202,99.0,0.0,99,99,99,99.0,0.0,99,99,0,0.0,0.0,0,0,0,0,0,0,40,0,20202.0202,0.0,0,0,0.0,0.0,0.0,0,0,0,0,1,0,0,0,0,0.0,0.0,0.0,0,0,0,0,0,0,2,0,0,0,123,-1,0,20,0.0,0.0,0,0,0.0,0.0,0,0
3064,52445,6,133497,2,0,0,0,0,0,0.0,0.0,0,0,0.0,0.0,0.0,14.98161007,133497.0,0.0,133497,133497,133497,133497.0,0.0,133497,133497,0,0.0,0.0,0,0,0,0,0,0,40,0,14.98161007,0.0,0,0,0.0,0.0,0.0,0,0,0,0,1,0,0,0,0,0.0,0.0,0.0,0,0,0,0,0,0,2,0,0,0,290,-1,0,20,0.0,0.0,0,0,0.0,0.0,0,0
3065,52485,6,999611,2,0,0,0,0,0,0.0,0.0,0,0,0.0,0.0,0.0,2.000778303,999611.0,0.0,999611,999611,999611,999611.0,0.0,999611,999611,0,0.0,0.0,0,0,0,0,0,0,40,0,2.000778303,0.0,0,0,0.0,0.0,0.0,0,0,0,0,1,0,0,0,0,0.0,0.0,0.0,0,0,0,0,0,0,2,0,0,0,5169,-1,0,20,0.0,0.0,0,0,0.0,0.0,0,0
3069,443,6,252,3,0,31,0,31,0,10.33333333,17.89785834,0,0,0.0,0.0,123015.873,11904.7619,126.0,94.75230868,193,59,252,126.0,94.75230868,193,59,0,0.0,0.0,0,0,0,0,0,0,60,0,11904.7619,0.0,0,31,7.75,15.5,240.25,0,0,0,0,1,0,0,0,0,10.33333333,10.33333333,0.0,0,0,0,0,0,0,3,31,0,0,255,-1,1,20,0.0,0.0,0,0,0.0,0.0,0,0
3073,445,6,200004,3,1,0,0,0,0,0.0,0.0,0,0,0.0,0.0,0.0,19.99960001,66668.0,115436.8578,199963,1,200004,100002.0,141422.7705,200003,1,0,0.0,0.0,0,0,0,0,0,0,72,32,14.99970001,4.999900002,0,0,0.0,0.0,0.0,0,0,0,1,0,0,0,0,0,0.0,0.0,0.0,0,0,0,0,0,0,3,0,1,0,8192,8192,0,20,0.0,0.0,0,0,0.0,0.0,0,0
3074,445,6,40403,3,1,0,0,0,0,0.0,0.0,0,0,0.0,0.0,0.0,99.00254932,13467.66667,21316.09979,38049,84,40403,20201.5,25358.97049,38133,2270,0,0.0,0.0,0,0,0,0,0,0,72,32,74.25191199,24.75063733,0,0,0.0,0.0,0.0,0,0,0,1,0,0,0,0,0,0.0,0.0,0.0,0,0,0,0,0,0,3,0,1,0,8192,8192,0,20,0.0,0.0,0,0,0.0,0.0,0,0
3076,443,6,168,3,0,31,0,31,0,10.33333333,17.89785834,0,0,0.0,0.0,184523.8095,17857.14286,84.0,62.22539674,128,40,168,84.0,62.22539674,128,40,0,0.0,0.0,0,0,0,0,0,0,60,0,17857.14286,0.0,0,31,7.75,15.5,240.25,0,0,0,0,1,0,0,0,0,10.33333333,10.33333333,0.0,0,0,0,0,0,0,3,31,0,0,255,-1,1,20,0.0,0.0,0,0,0.0,0.0,0,0
3077,445,6,280969,3,1,0,0,0,0,0.0,0.0,0,0,0.0,0.0,0.0,14.23644601,93656.33333,161311.4971,279922,49,280969,140484.5,197263.7001,279971,998,0,0.0,0.0,0,0,0,0,0,0,72,32,10.67733451,3.559111503,0,0,0.0,0.0,0.0,0,0,0,1,0,0,0,0,0,0.0,0.0,0.0,0,0,0,0,0,0,3,0,1,0,8192,8192,0,20,0.0,0.0,0,0,0.0,0.0,0,0
3078,445,6,174654,3,1,0,0,0,0,0.0,0.0,0,0,0.0,0.0,0.0,22.90242422,58218.0,99941.3479,173619,38,174654,87327.0,122089.0568,173657,997,0,0.0,0.0,0,0,0,0,0,0,72,32,17.17681817,5.725606055,0,0,0.0,0.0,0.0,0,0,0,1,0,0,0,0,0,0.0,0.0,0.0,0,0,0,0,0,0,3,0,1,0,8192,8192,0,20,0.0,0.0,0,0,0.0,0.0,0,0
3080,443,6,108,2,0,0,0,0,0,0.0,0.0,0,0,0.0,0.0,0.0,18518.51852,108.0,0.0,108,108,108,108.0,0.0,108,108,0,0.0,0.0,0,0,0,0,0,0,40,0,18518.51852,0.0,0,0,0.0,0.0,0.0,0,0,0,0,1,0,0,0,0,0.0,0.0,0.0,0,0,0,0,0,0,2,0,0,0,255,-1,0,20,0.0,0.0,0,0,0.0,0.0,0,0
3082,443,6,184,3,0,77,0,46,0,25.66666667,23.45918441,0,0,0.0,0.0,418478.2609,16304.34783,92.0,104.6518036,166,18,184,92.0,104.6518036,166,18,0,0.0,0.0,0,0,1,0,0,0,60,0,16304.34783,0.0,0,46,30.75,21.68524844,470.25,0,1,0,0,1,0,0,0,0,41.0,25.66666667,0.0,0,0,0,0,0,0,3,77,0,0,254,-1,1,20,0.0,0.0,0,0,0.0,0.0,0,0
3083,52455,6,54,2,0,0,0,0,0,0.0,0.0,0,0,0.0,0.0,0.0,37037.03704,54.0,0.0,54,54,54,54.0,0.0,54,54,0,0.0,0.0,0,0,0,0,0,0,40,0,37037.03704,0.0,0,0,0.0,0.0,0.0,0,0,0,0,1,0,0,0,0,0.0,0.0,0.0,0,0,0,0,0,0,2,0,0,0,123,-1,0,20,0.0,0.0,0,0,0.0,0.0,0,0
3086,443,6,232,3,0,77,0,46,0,25.66666667,23.45918441,0,0,0.0,0.0,331896.5517,12931.03448,116.0,140.0071427,215,17,232,116.0,140.0071427,215,17,0,0.0,0.0,0,0,1,0,0,0,60,0,12931.03448,0.0,0,46,30.75,21.68524844,470.25,0,1,0,0,1,0,0,0,0,41.0,25.66666667,0.0,0,0,0,0,0,0,3,77,0,0,255,-1,1,20,0.0,0.0,0,0,0.0,0.0,0,0
3087,443,6,750,3,0,77,0,46,0,25.66666667,23.45918441,0,0,0.0,0.0,102666.6667,4000.0,375.0,507.7026689,734,16,750,375.0,507.7026689,734,16,0,0.0,0.0,0,0,1,0,0,0,60,0,4000.0,0.0,0,46,30.75,21.68524844,470.25,0,1,0,0,1,0,0,0,0,41.0,25.66666667,0.0,0,0,0,0,0,0,3,77,0,0,258,-1,1,20,0.0,0.0,0,0,0.0,0.0,0,0
3088,52467,6,10,2,0,0,0,0,0,0.0,0.0,0,0,0.0,0.0,0.0,200000.0,10.0,0.0,10,10,10,10.0,0.0,10,10,0,0.0,0.0,0,0,0,0,0,0,40,0,200000.0,0.0,0,0,0.0,0.0,0.0,0,0,0,0,1,0,0,0,0,0.0,0.0,0.0,0,0,0,0,0,0,2,0,0,0,180,-1,0,20,0.0,0.0,0,0,0.0,0.0,0,0
3095,443,6,438,3,0,77,0,46,0,25.66666667,23.45918441,0,0,0.0,0.0,175799.0868,6849.315068,219.0,285.6711396,421,17,438,219.0,285.6711396,421,17,0,0.0,0.0,0,0,1,0,0,0,60,0,6849.315068,0.0,0,46,30.75,21.68524844,470.25,0,1,0,0,1,0,0,0,0,41.0,25.66666667,0.0,0,0,0,0,0,0,3,77,0,0,256,-1,1,20,0.0,0.0,0,0,0.0,0.0,0,0
3096,443,6,727,3,0,77,0,46,0,25.66666667,23.45918441,0,0,0.0,0.0,105914.718,4126.547455,363.5,494.26764,713,14,727,363.5,494.26764,713,14,0,0.0,0.0,0,0,1,0,0,0,60,0,4126.547455,0.0,0,46,30.75,21.68524844,470.25,0,1,0,0,1,0,0,0,0,41.0,25.66666667,0.0,0,0,0,0,0,0,3,77,0,0,256,-1,1,20,0.0,0.0,0,0,0.0,0.0,0,0
3097,443,6,867,3,0,77,0,46,0,25.66666667,23.45918441,0,0,0.0,0.0,88811.99539,3460.207612,433.5,590.4341623,851,16,867,433.5,590.4341623,851,16,0,0.0,0.0,0,0,1,0,0,0,60,0,3460.207612,0.0,0,46,30.75,21.68524844,470.25,0,1,0,0,1,0,0,0,0,41.0,25.66666667,0.0,0,0,0,0,0,0,3,77,0,0,256,-1,1,20,0.0,0.0,0,0,0.0,0.0,0,0
3098,443,6,988,3,0,77,0,46,0,25.66666667,23.45918441,0,0,0.0,0.0,77935.22267,3036.437247,494.0,678.8225099,974,14,988,494.0,678.8225099,974,14,0,0.0,0.0,0,0,1,0,0,0,60,0,3036.437247,0.0,0,46,30.75,21.68524844,470.25,0,1,0,0,1,0,0,0,0,41.0,25.66666667,0.0,0,0,0,0,0,0,3,77,0,0,258,-1,1,20,0.0,0.0,0,0,0.0,0.0,0,0
3099,443,6,1096,3,0,77,0,46,0,25.66666667,23.45918441,0,0,0.0,0.0,70255.47445,2737.226277,548.0,756.6042559,1083,13,1096,548.0,756.6042559,1083,13,0,0.0,0.0,0,0,1,0,0,0,60,0,2737.226277,0.0,0,46,30.75,21.68524844,470.25,0,1,0,0,1,0,0,0,0,41.0,25.66666667,0.0,0,0,0,0,0,0,3,77,0,0,256,-1,1,20,0.0,0.0,0,0,0.0,0.0,0,0
3100,443,6,1487,3,0,77,0,46,0,25.66666667,23.45918441,0,0,0.0,0.0,51782.11163,2017.484869,743.5,1030.25458,1472,15,1487,743.5,1030.25458,1472,15,0,0.0,0.0,0,0,1,0,0,0,60,0,2017.484869,0.0,0,46,30.75,21.68524844,470.25,0,1,0,0,1,0,0,0,0,41.0,25.66666667,0.0,0,0,0,0,0,0,3,77,0,0,258,-1,1,20,0.0,0.0,0,0,0.0,0.0,0,0
3101,52479,6,18,2,0,0,0,0,0,0.0,0.0,0,0,0.0,0.0,0.0,111111.1111,18.0,0.0,18,18,18,18.0,0.0,18,18,0,0.0,0.0,0,0,0,0,0,0,40,0,111111.1111,0.0,0,0,0.0,0.0,0.0,0,0,0,0,1,0,0,0,0,0.0,0.0,0.0,0,0,0,0,0,0,2,0,0,0,176,-1,0,20,0.0,0.0,0,0,0.0,0.0,0,0
3102,52474,6,1,2,0,0,0,0,0,0.0,0.0,0,0,0.0,0.0,0.0,2000000.0,1.0,0.0,1,1,1,1.0,0.0,1,1,0,0.0,0.0,0,0,0,0,0,0,40,0,2000000.0,0.0,0,0,0.0,0.0,0.0,0,0,0,0,1,0,0,0,0,0.0,0.0,0.0,0,0,0,0,0,0,2,0,0,0,184,-1,0,20,0.0,0.0,0,0,0.0,0.0,0,0
3104,52475,6,1,2,0,0,0,0,0,0.0,0.0,0,0,0.0,0.0,0.0,2000000.0,1.0,0.0,1,1,1,1.0,0.0,1,1,0,0.0,0.0,0,0,0,0,0,0,40,0,2000000.0,0.0,0,0,0.0,0.0,0.0,0,0,0,0,1,0,0,0,0,0.0,0.0,0.0,0,0,0,0,0,0,2,0,0,0,127,-1,0,20,0.0,0.0,0,0,0.0,0.0,0,0
3111,443,6,383,3,0,77,0,46,0,25.66666667,23.45918441,0,0,0.0,0.0,201044.3864,7832.898172,191.5,246.7802666,366,17,383,191.5,246.7802666,366,17,0,0.0,0.0,0,0,1,0,0,0,60,0,7832.898172,0.0,0,46,30.75,21.68524844,470.25,0,1,0,0,1,0,0,0,0,41.0,25.66666667,0.0,0,0,0,0,0,0,3,77,0,0,258,-1,1,20,0.0,0.0,0,0,0.0,0.0,0,0
3112,443,6,410,3,0,77,0,46,0,25.66666667,23.45918441,0,0,0.0,0.0,187804.878,7317.073171,205.0,268.7005769,395,15,410,205.0,268.7005769,395,15,0,0.0,0.0,0,0,1,0,0,0,60,0,7317.073171,0.0,0,46,30.75,21.68524844,470.25,0,1,0,0,1,0,0,0,0,41.0,25.66666667,0.0,0,0,0,0,0,0,3,77,0,0,254,-1,1,20,0.0,0.0,0,0,0.0,0.0,0,0
3113,443,6,767,3,0,77,0,46,0,25.66666667,23.45918441,0,0,0.0,0.0,100391.1343,3911.342894,383.5,521.1376977,752,15,767,383.5,521.1376977,752,15,0,0.0,0.0,0,0,1,0,0,0,60,0,3911.342894,0.0,0,46,30.75,21.68524844,470.25,0,1,0,0,1,0,0,0,0,41.0,25.66666667,0.0,0,0,0,0,0,0,3,77,0,0,254,-1,1,20,0.0,0.0,0,0,0.0,0.0,0,0
3114,443,6,1004,3,0,77,0,46,0,25.66666667,23.45918441,0,0,0.0,0.0,76693.22709,2988.047809,502.0,690.1362184,990,14,1004,502.0,690.1362184,990,14,0,0.0,0.0,0,0,1,0,0,0,60,0,2988.047809,0.0,0,46,30.75,21.68524844,470.25,0,1,0,0,1,0,0,0,0,41.0,25.66666667,0.0,0,0,0,0,0,0,3,77,0,0,258,-1,1,20,0.0,0.0,0,0,0.0,0.0,0,0
3115,443,6,1305,3,0,77,0,46,0,25.66666667,23.45918441,0,0,0.0,0.0,59003.83142,2298.850575,652.5,904.3895731,1292,13,1305,652.5,904.3895731,1292,13,0,0.0,0.0,0,0,1,0,0,0,60,0,2298.850575,0.0,0,46,30.75,21.68524844,470.25,0,1,0,0,1,0,0,0,0,41.0,25.66666667,0.0,0,0,0,0,0,0,3,77,0,0,254,-1,1,20,0.0,0.0,0,0,0.0,0.0,0,0
3116,443,6,1403,3,0,77,0,46,0,25.66666667,23.45918441,0,0,0.0,0.0,54882.39487,2138.275125,701.5,970.8576106,1388,15,1403,701.5,970.8576106,1388,15,0,0.0,0.0,0,0,1,0,0,0,60,0,2138.275125,0.0,0,46,30.75,21.68524844,470.25,0,1,0,0,1,0,0,0,0,41.0,25.66666667,0.0,0,0,0,0,0,0,3,77,0,0,254,-1,1,20,0.0,0.0,0,0,0.0,0.0,0,0
3117,52488,6,23,2,0,0,0,0,0,0.0,0.0,0,0,0.0,0.0,0.0,86956.52174,23.0,0.0,23,23,23,23.0,0.0,23,23,0,0.0,0.0,0,0,0,0,0,0,40,0,86956.52174,0.0,0,0,0.0,0.0,0.0,0,0,0,0,1,0,0,0,0,0.0,0.0,0.0,0,0,0,0,0,0,2,0,0,0,180,-1,0,20,0.0,0.0,0,0,0.0,0.0,0,0
3118,52504,6,113,3,0,31,0,31,0,10.33333333,17.89785834,0,0,0.0,0.0,274336.2832,26548.67257,56.5,78.48885271,112,1,113,56.5,78.48885271,112,1,0,0.0,0.0,0,0,0,0,0,0,60,0,26548.67257,0.0,0,31,7.75,15.5,240.25,0,0,0,0,1,0,0,0,0,10.33333333,10.33333333,0.0,0,0,0,0,0,0,3,31,0,0,64,-1,1,20,0.0,0.0,0,0,0.0,0.0,0,0
3119,52492,6,1,2,0,0,0,0,0,0.0,0.0,0,0,0.0,0.0,0.0,2000000.0,1.0,0.0,1,1,1,1.0,0.0,1,1,0,0.0,0.0,0,0,0,0,0,0,40,0,2000000.0,0.0,0,0,0.0,0.0,0.0,0,0,0,0,1,0,0,0,0,0.0,0.0,0.0,0,0,0,0,0,0,2,0,0,0,192,-1,0,20,0.0,0.0,0,0,0.0,0.0,0,0
3120,52495,6,1,2,0,0,0,0,0,0.0,0.0,0,0,0.0,0.0,0.0,2000000.0,1.0,0.0,1,1,1,1.0,0.0,1,1,0,0.0,0.0,0,0,0,0,0,0,40,0,2000000.0,0.0,0,0,0.0,0.0,0.0,0,0,0,0,1,0,0,0,0,0.0,0.0,0.0,0,0,0,0,0,0,2,0,0,0,197,-1,0,20,0.0,0.0,0,0,0.0,0.0,0,0
3121,52480,6,1,2,0,0,0,0,0,0.0,0.0,0,0,0.0,0.0,0.0,2000000.0,1.0,0.0,1,1,1,1.0,0.0,1,1,0,0.0,0.0,0,0,0,0,0,0,40,0,2000000.0,0.0,0,0,0.0,0.0,0.0,0,0,0,0,1,0,0,0,0,0.0,0.0,0.0,0,0,0,0,0,0,2,0,0,0,209,-1,0,20,0.0,0.0,0,0,0.0,0.0,0,0
3123,443,6,193,3,0,77,0,46,0,25.66666667,23.45918441,0,0,0.0,0.0,398963.7306,15544.04145,96.5,111.0157646,175,18,193,96.5,111.0157646,175,18,0,0.0,0.0,0,0,1,0,0,0,60,0,15544.04145,0.0,0,46,30.75,21.68524844,470.25,0,1,0,0,1,0,0,0,0,41.0,25.66666667,0.0,0,0,0,0,0,0,3,77,0,0,258,-1,1,20,0.0,0.0,0,0,0.0,0.0,0,0
3125,443,6,260,3,0,31,0,31,0,10.33333333,17.89785834,0,0,0.0,0.0,119230.7692,11538.46154,130.0,90.50966799,194,66,260,130.0,90.50966799,194,66,0,0.0,0.0,0,0,0,0,0,0,60,0,11538.46154,0.0,0,31,7.75,15.5,240.25,0,0,0,0,1,0,0,0,0,10.33333333,10.33333333,0.0,0,0,0,0,0,0,3,31,0,0,255,-1,1,20,0.0,0.0,0,0,0.0,0.0,0,0
3126,443,6,91284,8,8,1818,3898,1078,0,227.25,360.6243594,1460,0,487.25,639.5062269,62617.76434,175.277157,6085.6,10007.70671,23789,1,69913,9987.571429,11947.97933,23809,54,69796,9970.857143,12354.57593,24177,1,0,0,0,0,172,172,87.6385785,87.6385785,0,1460,336.2352941,510.1254171,260227.9412,0,0,1,1,0,0,0,1,1,357.25,227.25,487.25,0,0,0,0,0,0,8,1818,8,3898,8192,8046,5,20,0.0,0.0,0,0,0.0,0.0,0,0
3127,443,6,107,2,0,0,0,0,0,0.0,0.0,0,0,0.0,0.0,0.0,18691.58879,107.0,0.0,107,107,107,107.0,0.0,107,107,0,0.0,0.0,0,0,0,0,0,0,40,0,18691.58879,0.0,0,0,0.0,0.0,0.0,0,0,0,0,1,0,0,0,0,0.0,0.0,0.0,0,0,0,0,0,0,2,0,0,0,254,-1,0,20,0.0,0.0,0,0,0.0,0.0,0,0
3128,443,6,526943,11,12,2017,4435,1078,0,183.3636364,315.1752759,1460,0,369.5833333,539.450808,12244.20858,43.6479847,23951.95455,70839.39268,334135,1,192613,19261.3,24865.09891,79991,36,501947,45631.54545,115075.7308,390492,1,0,0,0,0,232,252,20.87512312,22.77286158,0,1460,268.8333333,440.7931258,194298.5797,0,0,1,1,0,0,0,1,1,280.5217391,183.3636364,369.5833333,0,0,0,0,0,0,11,2017,12,4435,8192,8002,6,20,0.0,0.0,0,0,0.0,0.0,0,0
3129,443,6,298,3,0,31,0,31,0,10.33333333,17.89785834,0,0,0.0,0.0,104026.8456,10067.11409,149.0,128.6934342,240,58,298,149.0,128.6934342,240,58,0,0.0,0.0,0,0,0,0,0,0,60,0,10067.11409,0.0,0,31,7.75,15.5,240.25,0,0,0,0,1,0,0,0,0,10.33333333,10.33333333,0.0,0,0,0,0,0,0,3,31,0,0,258,-1,1,20,0.0,0.0,0,0,0.0,0.0,0,0
3130,443,6,93860,6,7,686,3695,388,0,114.3333333,156.7069452,1460,0,527.8571429,675.6193279,46675.90028,138.5041551,7821.666667,11105.32762,24181,0,69679,13935.8,12040.24039,23472,360,72410,12068.33333,13201.15702,25058,0,0,0,0,0,132,152,63.92499467,74.57916045,0,1460,312.9285714,520.3163925,270729.1484,0,0,1,1,0,0,0,1,1,337.0,114.3333333,527.8571429,0,0,0,0,0,0,6,686,7,3695,8192,7506,3,20,0.0,0.0,0,0,0.0,0.0,0,0
3131,443,6,119,2,0,0,0,0,0,0.0,0.0,0,0,0.0,0.0,0.0,16806.72269,119.0,0.0,119,119,119,119.0,0.0,119,119,0,0.0,0.0,0,0,0,0,0,0,40,0,16806.72269,0.0,0,0,0.0,0.0,0.0,0,0,0,0,1,0,0,0,0,0.0,0.0,0.0,0,0,0,0,0,0,2,0,0,0,258,-1,0,20,0.0,0.0,0,0,0.0,0.0,0,0
3132,443,6,90575,8,7,1818,3898,1078,0,227.25,360.6243594,1460,0,556.8571429,657.1971872,63107.92161,165.6086116,6469.642857,10219.43159,23299,1,69305,9900.714286,11885.15404,23320,45,68969,11494.83333,12585.97217,23647,1,0,0,0,0,172,152,88.32459288,77.28401877,0,1460,357.25,519.1998331,269568.4667,0,0,1,1,0,0,0,1,0,381.0666667,227.25,556.8571429,0,0,0,0,0,0,8,1818,7,3898,8192,7598,5,20,0.0,0.0,0,0,0.0,0.0,0,0
3133,443,6,167,2,1,0,0,0,0,0.0,0.0,0,0,0.0,0.0,0.0,17964.07186,83.5,60.1040764,126,41,167,167.0,0.0,167,167,0,0.0,0.0,0,0,0,0,0,0,40,20,11976.0479,5988.023952,0,0,0.0,0.0,0.0,0,0,0,0,1,0,0,0,0,0.0,0.0,0.0,0,0,0,0,0,0,2,0,1,0,257,8192,0,20,0.0,0.0,0,0,0.0,0.0,0,0
3134,445,6,258864,3,1,0,0,0,0,0.0,0.0,0,0,0.0,0.0,0.0,15.4521293,86288.0,147075.1745,256109,63,258864,129432.0,179237.4269,256172,2692,0,0.0,0.0,0,0,0,0,0,0,68,28,11.58909698,3.863032326,0,0,0.0,0.0,0.0,0,0,0,1,0,0,0,0,0,0.0,0.0,0.0,0,0,0,0,0,0,3,0,1,0,8192,8192,0,20,0.0,0.0,0,0,0.0,0.0,0,0
3136,443,6,220,3,0,31,0,31,0,10.33333333,17.89785834,0,0,0.0,0.0,140909.0909,13636.36364,110.0,104.6518036,184,36,220,110.0,104.6518036,184,36,0,0.0,0.0,0,0,0,0,0,0,60,0,13636.36364,0.0,0,31,7.75,15.5,240.25,0,0,0,0,1,0,0,0,0,10.33333333,10.33333333,0.0,0,0,0,0,0,0,3,31,0,0,258,-1,1,20,0.0,0.0,0,0,0.0,0.0,0,0
3138,443,6,125,2,0,0,0,0,0,0.0,0.0,0,0,0.0,0.0,0.0,16000.0,125.0,0.0,125,125,125,125.0,0.0,125,125,0,0.0,0.0,0,0,0,0,0,0,40,0,16000.0,0.0,0,0,0.0,0.0,0.0,0,0,0,0,1,0,0,0,0,0.0,0.0,0.0,0,0,0,0,0,0,2,0,0,0,258,-1,0,20,0.0,0.0,0,0,0.0,0.0,0,0
3139,443,6,97810,8,8,1818,3898,1078,0,227.25,360.6243594,1460,0,487.25,639.5062269,58439.83233,163.5824558,6520.666667,9839.453866,23457,7,76417,10916.71429,13323.21891,29756,46,76379,10911.28571,13596.49609,29045,29,0,0,0,0,172,172,81.79122789,81.79122789,0,1460,336.2352941,510.1254171,260227.9412,0,0,1,1,0,0,0,1,1,357.25,227.25,487.25,0,0,0,0,0,0,8,1818,8,3898,8192,8046,5,20,0.0,0.0,0,0,0.0,0.0,0,0
3140,443,6,224,3,0,31,0,31,0,10.33333333,17.89785834,0,0,0.0,0.0,138392.8571,13392.85714,112.0,104.6518036,186,38,224,112.0,104.6518036,186,38,0,0.0,0.0,0,0,0,0,0,0,60,0,13392.85714,0.0,0,31,7.75,15.5,240.25,0,0,0,0,1,0,0,0,0,10.33333333,10.33333333,0.0,0,0,0,0,0,0,3,31,0,0,254,-1,1,20,0.0,0.0,0,0,0.0,0.0,0,0
3141,443,6,1720297,13,11,2048,4426,1078,0,157.5384615,294.607257,1460,0,402.3636364,552.7906064,3763.303662,13.95107938,74795.52174,318739.7951,1535332,6,1720297,143358.0833,439136.4163,1535712,45,1697432,169743.2,502099.4195,1598360,20,0,0,0,0,272,232,7.556834663,6.394244715,0,1460,258.96,434.1797324,188512.04,0,0,1,1,0,0,0,1,0,269.75,157.5384615,402.3636364,0,0,0,0,0,0,13,2048,11,4426,8192,8002,7,20,0.0,0.0,0,0,0.0,0.0,0,0
3142,443,6,93140,6,7,685,3695,387,0,114.1666667,156.3578161,1460,0,527.8571429,675.6193279,47025.98239,139.5748336,7761.666667,10989.52793,23787,1,70732,14146.4,12234.29166,23810,355,70986,11831.0,12894.34662,24163,1,0,0,0,0,132,152,64.41915396,75.15567962,0,1460,312.8571429,520.3053626,270717.6703,0,0,1,1,0,0,0,1,1,336.9230769,114.1666667,527.8571429,0,0,0,0,0,0,6,685,7,3695,8192,7507,3,20,0.0,0.0,0,0,0.0,0.0,0,0
3143,443,6,87,3,0,31,0,31,0,10.33333333,17.89785834,0,0,0.0,0.0,356321.8391,34482.75862,43.5,23.33452378,60,27,87,43.5,23.33452378,60,27,0,0.0,0.0,0,0,0,0,0,0,60,0,34482.75862,0.0,0,31,7.75,15.5,240.25,0,0,0,0,1,0,0,0,0,10.33333333,10.33333333,0.0,0,0,0,0,0,0,3,31,0,0,258,-1,1,20,0.0,0.0,0,0,0.0,0.0,0,0
3144,443,6,91243,8,8,1818,3898,1078,0,227.25,360.6243594,1460,0,487.25,639.5062269,62645.9016,175.3559177,6082.866667,10040.23439,23429,1,69844,9977.714286,11973.03512,23451,61,69095,9870.714286,12241.40508,23751,1,0,0,0,0,172,172,87.67795886,87.67795886,0,1460,336.2352941,510.1254171,260227.9412,0,0,1,1,0,0,0,1,1,357.25,227.25,487.25,0,0,0,0,0,0,8,1818,8,3898,8192,8192,5,20,0.0,0.0,0,0,0.0,0.0,0,0
3145,443,6,115,2,0,0,0,0,0,0.0,0.0,0,0,0.0,0.0,0.0,17391.30435,115.0,0.0,115,115,115,115.0,0.0,115,115,0,0.0,0.0,0,0,0,0,0,0,40,0,17391.30435,0.0,0,0,0.0,0.0,0.0,0,0,0,0,1,0,0,0,0,0.0,0.0,0.0,0,0,0,0,0,0,2,0,0,0,257,-1,0,20,0.0,0.0,0,0,0.0,0.0,0,0
3147,443,6,1459430,11,12,2014,4424,1077,0,183.0909091,314.8648772,1460,0,368.6666667,539.7880617,4411.311265,15.75957737,66337.72727,272865.0571,1286545,1,172798,17279.8,22859.50775,74126,45,1438017,130728.8182,400875.5585,1338946,1,0,0,0,0,232,252,7.537189177,8.222388193,0,1460,268.25,440.8102471,194313.6739,0,0,1,1,0,0,0,1,1,279.9130435,183.0909091,368.6666667,0,0,0,0,0,0,11,2014,12,4424,8192,8002,6,20,0.0,0.0,0,0,0.0,0.0,0,0
3148,443,6,184,2,0,0,0,0,0,0.0,0.0,0,0,0.0,0.0,0.0,10869.56522,184.0,0.0,184,184,184,184.0,0.0,184,184,0,0.0,0.0,0,0,0,0,0,0,40,0,10869.56522,0.0,0,0,0.0,0.0,0.0,0,0,0,0,1,0,0,0,0,0.0,0.0,0.0,0,0,0,0,0,0,2,0,0,0,255,-1,0,20,0.0,0.0,0,0,0.0,0.0,0,0
3149,445,6,299946,3,1,0,0,0,0,0.0,0.0,0,0,0.0,0.0,0.0,13.33573377,99982.0,172771.2963,299481,52,299946,149973.0,211509.7804,299533,413,0,0.0,0.0,0,0,0,0,0,0,72,32,10.00180032,3.333933441,0,0,0.0,0.0,0.0,0,0,0,1,0,0,0,0,0,0.0,0.0,0.0,0,0,0,0,0,0,3,0,1,0,8192,8192,0,20,0.0,0.0,0,0,0.0,0.0,0,0
3151,443,6,206,2,0,0,0,0,0,0.0,0.0,0,0,0.0,0.0,0.0,9708.737864,206.0,0.0,206,206,206,206.0,0.0,206,206,0,0.0,0.0,0,0,0,0,0,0,40,0,9708.737864,0.0,0,0,0.0,0.0,0.0,0,0,0,0,1,0,0,0,0,0.0,0.0,0.0,0,0,0,0,0,0,2,0,0,0,258,-1,0,20,0.0,0.0,0,0,0.0,0.0,0,0
3153,443,6,295,3,0,31,0,31,0,10.33333333,17.89785834,0,0,0.0,0.0,105084.7458,10169.49153,147.5,125.1579003,236,59,295,147.5,125.1579003,236,59,0,0.0,0.0,0,0,0,0,0,0,60,0,10169.49153,0.0,0,31,7.75,15.5,240.25,0,0,0,0,1,0,0,0,0,10.33333333,10.33333333,0.0,0,0,0,0,0,0,3,31,0,0,258,-1,1,20,0.0,0.0,0,0,0.0,0.0,0,0
3154,445,6,199854,3,1,0,0,0,0,0.0,0.0,0,0,0.0,0.0,0.0,20.01461067,66618.0,115321.6758,199780,22,199854,99927.0,141287.0059,199832,22,0,0.0,0.0,0,0,0,0,0,0,72,32,15.010958,5.003652666,0,0,0.0,0.0,0.0,0,0,0,1,0,0,0,0,0,0.0,0.0,0.0,0,0,0,0,0,0,3,0,1,0,8192,8192,0,20,0.0,0.0,0,0,0.0,0.0,0,0
3157,443,6,276,3,0,31,0,31,0,10.33333333,17.89785834,0,0,0.0,0.0,112318.8406,10869.56522,138.0,134.3502884,233,43,276,138.0,134.3502884,233,43,0,0.0,0.0,0,0,0,0,0,0,60,0,10869.56522,0.0,0,31,7.75,15.5,240.25,0,0,0,0,1,0,0,0,0,10.33333333,10.33333333,0.0,0,0,0,0,0,0,3,31,0,0,258,-1,1,20,0.0,0.0,0,0,0.0,0.0,0,0
3159,443,6,126,2,0,0,0,0,0,0.0,0.0,0,0,0.0,0.0,0.0,15873.01587,126.0,0.0,126,126,126,126.0,0.0,126,126,0,0.0,0.0,0,0,0,0,0,0,40,0,15873.01587,0.0,0,0,0.0,0.0,0.0,0,0,0,0,1,0,0,0,0,0.0,0.0,0.0,0,0,0,0,0,0,2,0,0,0,255,-1,0,20,0.0,0.0,0,0,0.0,0.0,0,0
3160,445,6,39386,3,1,0,0,0,0,0.0,0.0,0,0,0.0,0.0,0.0,101.5589296,13128.66667,22675.4604,39312,1,39386,19693.0,27848.69347,39385,1,0,0.0,0.0,0,0,0,0,0,0,72,32,76.16919718,25.38973239,0,0,0.0,0.0,0.0,0,0,0,1,0,0,0,0,0,0.0,0.0,0.0,0,0,0,0,0,0,3,0,1,0,8192,8192,0,20,0.0,0.0,0,0,0.0,0.0,0,0
3162,443,6,250,3,0,31,0,31,0,10.33333333,17.89785834,0,0,0.0,0.0,124000.0,12000.0,125.0,94.75230868,192,58,250,125.0,94.75230868,192,58,0,0.0,0.0,0,0,0,0,0,0,60,0,12000.0,0.0,0,31,7.75,15.5,240.25,0,0,0,0,1,0,0,0,0,10.33333333,10.33333333,0.0,0,0,0,0,0,0,3,31,0,0,255,-1,1,20,0.0,0.0,0,0,0.0,0.0,0,0
3163,443,6,90816,8,8,1818,3898,1078,0,227.25,360.6243594,1460,0,487.25,639.5062269,62940.45102,176.1804087,6054.4,9963.273901,23466,0,69344,9906.285714,11875.95983,23539,45,69571,9938.714286,12313.20478,23818,0,0,0,0,0,172,172,88.09020437,88.09020437,0,1460,336.2352941,510.1254171,260227.9412,0,0,1,1,0,0,0,1,1,357.25,227.25,487.25,0,0,0,0,0,0,8,1818,8,3898,8192,8192,5,20,0.0,0.0,0,0,0.0,0.0,0,0
3164,443,6,97,2,0,0,0,0,0,0.0,0.0,0,0,0.0,0.0,0.0,20618.5567,97.0,0.0,97,97,97,97.0,0.0,97,97,0,0.0,0.0,0,0,0,0,0,0,40,0,20618.5567,0.0,0,0,0.0,0.0,0.0,0,0,0,0,1,0,0,0,0,0.0,0.0,0.0,0,0,0,0,0,0,2,0,0,0,257,-1,0,20,0.0,0.0,0,0,0.0,0.0,0,0
3165,445,6,233055,3,1,0,0,0,0,0.0,0.0,0,0,0.0,0.0,0.0,17.16333054,77685.0,134349.9979,232819,59,233055,116527.5,164544.4551,232878,177,0,0.0,0.0,0,0,0,0,0,0,72,32,12.87249791,4.290832636,0,0,0.0,0.0,0.0,0,0,0,1,0,0,0,0,0,0.0,0.0,0.0,0,0,0,0,0,0,3,0,1,0,8192,8192,0,20,0.0,0.0,0,0,0.0,0.0,0,0
3167,443,6,164,2,0,0,0,0,0,0.0,0.0,0,0,0.0,0.0,0.0,12195.12195,164.0,0.0,164,164,164,164.0,0.0,164,164,0,0.0,0.0,0,0,0,0,0,0,40,0,12195.12195,0.0,0,0,0.0,0.0,0.0,0,0,0,0,1,0,0,0,0,0.0,0.0,0.0,0,0,0,0,0,0,2,0,0,0,255,-1,0,20,0.0,0.0,0,0,0.0,0.0,0,0
3168,445,6,318931,3,1,0,0,0,0,0.0,0.0,0,0,0.0,0.0,0.0,12.54189778,106310.3333,184068.2188,318854,0,318931,159465.5,225518.2728,318931,0,0,0.0,0.0,0,0,0,0,0,0,72,32,9.406423333,3.135474444,0,0,0.0,0.0,0.0,0,0,0,1,0,0,0,0,0,0.0,0.0,0.0,0,0,0,0,0,0,3,0,1,0,8192,8192,0,20,0.0,0.0,0,0,0.0,0.0,0,0
3169,445,6,141466,3,1,0,0,0,0,0.0,0.0,0,0,0.0,0.0,0.0,28.27534531,47155.33333,81618.28218,141400,0,141466,70733.0,100031.5679,141466,0,0,0.0,0.0,0,0,0,0,0,0,72,32,21.20650898,7.068836328,0,0,0.0,0.0,0.0,0,0,0,1,0,0,0,0,0,0.0,0.0,0.0,0,0,0,0,0,0,3,0,1,0,8192,8192,0,20,0.0,0.0,0,0,0.0,0.0,0,0
3171,443,6,175,2,0,0,0,0,0,0.0,0.0,0,0,0.0,0.0,0.0,11428.57143,175.0,0.0,175,175,175,175.0,0.0,175,175,0,0.0,0.0,0,0,0,0,0,0,40,0,11428.57143,0.0,0,0,0.0,0.0,0.0,0,0,0,0,1,0,0,0,0,0.0,0.0,0.0,0,0,0,0,0,0,2,0,0,0,258,-1,0,20,0.0,0.0,0,0,0.0,0.0,0,0
3173,443,6,130,2,0,0,0,0,0,0.0,0.0,0,0,0.0,0.0,0.0,15384.61538,130.0,0.0,130,130,130,130.0,0.0,130,130,0,0.0,0.0,0,0,0,0,0,0,40,0,15384.61538,0.0,0,0,0.0,0.0,0.0,0,0,0,0,1,0,0,0,0,0.0,0.0,0.0,0,0,0,0,0,0,2,0,0,0,255,-1,0,20,0.0,0.0,0,0,0.0,0.0,0,0
3175,443,6,197,2,0,0,0,0,0,0.0,0.0,0,0,0.0,0.0,0.0,10152.28426,197.0,0.0,197,197,197,197.0,0.0,197,197,0,0.0,0.0,0,0,0,0,0,0,40,0,10152.28426,0.0,0,0,0.0,0.0,0.0,0,0,0,0,1,0,0,0,0,0.0,0.0,0.0,0,0,0,0,0,0,2,0,0,0,258,-1,0,20,0.0,0.0,0,0,0.0,0.0,0,0
3176,445,6,205413,3,1,0,0,0,0,0.0,0.0,0,0,0.0,0.0,0.0,19.47296422,68471.0,118475.7394,205275,65,205413,102706.5,145157.0014,205348,65,0,0.0,0.0,0,0,0,0,0,0,72,32,14.60472317,4.868241056,0,0,0.0,0.0,0.0,0,0,0,1,0,0,0,0,0,0.0,0.0,0.0,0,0,0,0,0,0,3,0,1,0,8192,8192,0,20,0.0,0.0,0,0,0.0,0.0,0,0
3180,443,6,136,2,0,0,0,0,0,0.0,0.0,0,0,0.0,0.0,0.0,14705.88235,136.0,0.0,136,136,136,136.0,0.0,136,136,0,0.0,0.0,0,0,0,0,0,0,40,0,14705.88235,0.0,0,0,0.0,0.0,0.0,0,0,0,0,1,0,0,0,0,0.0,0.0,0.0,0,0,0,0,0,0,2,0,0,0,255,-1,0,20,0.0,0.0,0,0,0.0,0.0,0,0
3182,443,6,305,3,0,31,0,31,0,10.33333333,17.89785834,0,0,0.0,0.0,101639.3443,9836.065574,152.5,133.6431816,247,58,305,152.5,133.6431816,247,58,0,0.0,0.0,0,0,0,0,0,0,60,0,9836.065574,0.0,0,31,7.75,15.5,240.25,0,0,0,0,1,0,0,0,0,10.33333333,10.33333333,0.0,0,0,0,0,0,0,3,31,0,0,255,-1,1,20,0.0,0.0,0,0,0.0,0.0,0,0
3184,443,6,278,3,0,31,0,31,0,10.33333333,17.89785834,0,0,0.0,0.0,111510.7914,10791.36691,139.0,83.43860018,198,80,278,139.0,83.43860018,198,80,0,0.0,0.0,0,0,0,0,0,0,60,0,10791.36691,0.0,0,31,7.75,15.5,240.25,0,0,0,0,1,0,0,0,0,10.33333333,10.33333333,0.0,0,0,0,0,0,0,3,31,0,0,255,-1,1,20,0.0,0.0,0,0,0.0,0.0,0,0
3186,443,6,294,3,0,31,0,31,0,10.33333333,17.89785834,0,0,0.0,0.0,105442.1769,10204.08163,147.0,121.6223664,233,61,294,147.0,121.6223664,233,61,0,0.0,0.0,0,0,0,0,0,0,60,0,10204.08163,0.0,0,31,7.75,15.5,240.25,0,0,0,0,1,0,0,0,0,10.33333333,10.33333333,0.0,0,0,0,0,0,0,3,31,0,0,258,-1,1,20,0.0,0.0,0,0,0.0,0.0,0,0
3187,445,6,165347,3,1,0,0,0,0,0.0,0.0,0,0,0.0,0.0,0.0,24.19154868,55115.66667,95393.8609,165267,1,165347,82673.5,116916.5707,165346,1,0,0.0,0.0,0,0,0,0,0,0,72,32,18.14366151,6.047887171,0,0,0.0,0.0,0.0,0,0,0,1,0,0,0,0,0,0.0,0.0,0.0,0,0,0,0,0,0,3,0,1,0,8192,8192,0,20,0.0,0.0,0,0,0.0,0.0,0,0
3188,445,6,320439,3,1,0,0,0,0,0.0,0.0,0,0,0.0,0.0,0.0,12.48287506,106813.0,184931.0648,320353,38,320439,160219.5,226516.7076,320391,48,0,0.0,0.0,0,0,0,0,0,0,72,32,9.362156292,3.120718764,0,0,0.0,0.0,0.0,0,0,0,1,0,0,0,0,0,0.0,0.0,0.0,0,0,0,0,0,0,3,0,1,0,8192,8192,0,20,0.0,0.0,0,0,0.0,0.0,0,0
3190,443,6,1015,2,0,0,0,0,0,0.0,0.0,0,0,0.0,0.0,0.0,1970.44335,1015.0,0.0,1015,1015,1015,1015.0,0.0,1015,1015,0,0.0,0.0,0,0,0,0,0,0,40,0,1970.44335,0.0,0,0,0.0,0.0,0.0,0,0,0,0,1,0,0,0,0,0.0,0.0,0.0,0,0,0,0,0,0,2,0,0,0,255,-1,0,20,0.0,0.0,0,0,0.0,0.0,0,0
3191,445,6,139014,3,1,0,0,0,0,0.0,0.0,0,0,0.0,0.0,0.0,28.77408031,46338.0,80213.87535,138961,0,139014,69507.0,98297.74208,139014,0,0,0.0,0.0,0,0,0,0,0,0,72,32,21.58056023,7.193520077,0,0,0.0,0.0,0.0,0,0,0,1,0,0,0,0,0,0.0,0.0,0.0,0,0,0,0,0,0,3,0,1,0,8192,8192,0,20,0.0,0.0,0,0,0.0,0.0,0,0
3193,443,6,265,3,0,31,0,31,0,10.33333333,17.89785834,0,0,0.0,0.0,116981.1321,11320.75472,132.5,102.5304833,205,60,265,132.5,102.5304833,205,60,0,0.0,0.0,0,0,0,0,0,0,60,0,11320.75472,0.0,0,31,7.75,15.5,240.25,0,0,0,0,1,0,0,0,0,10.33333333,10.33333333,0.0,0,0,0,0,0,0,3,31,0,0,258,-1,1,20,0.0,0.0,0,0,0.0,0.0,0,0
3194,443,6,956233,11,12,2008,4435,1078,0,182.5454545,315.1251699,1460,0,369.5833333,539.4349667,6737.897563,24.05271519,43465.13636,119559.1228,550453,13,405609,40560.9,54839.77611,172590,46,911562,82869.27273,174861.8053,587644,171,0,0,0,0,232,252,11.50347248,12.54924271,0,1460,268.4583333,440.8443459,194343.7373,0,0,1,1,0,0,0,1,1,280.1304348,182.5454545,369.5833333,0,0,0,0,0,0,11,2008,12,4435,8192,8002,6,20,0.0,0.0,0,0,0.0,0.0,0,0
3195,443,6,118,2,0,0,0,0,0,0.0,0.0,0,0,0.0,0.0,0.0,16949.15254,118.0,0.0,118,118,118,118.0,0.0,118,118,0,0.0,0.0,0,0,0,0,0,0,40,0,16949.15254,0.0,0,0,0.0,0.0,0.0,0,0,0,0,1,0,0,0,0,0.0,0.0,0.0,0,0,0,0,0,0,2,0,0,0,258,-1,0,20,0.0,0.0,0,0,0.0,0.0,0,0
3196,445,6,209102,3,1,0,0,0,0,0.0,0.0,0,0,0.0,0.0,0.0,19.12942009,69700.66667,119426.2391,207600,75,209102,104551.0,145839.3594,207675,1427,0,0.0,0.0,0,0,0,0,0,0,72,32,14.34706507,4.782355023,0,0,0.0,0.0,0.0,0,0,0,1,0,0,0,0,0,0.0,0.0,0.0,0,0,0,0,0,0,3,0,1,0,8192,8192,0,20,0.0,0.0,0,0,0.0,0.0,0,0
3198,443,6,236,3,0,31,0,31,0,10.33333333,17.89785834,0,0,0.0,0.0,131355.9322,12711.86441,118.0,107.4802307,194,42,236,118.0,107.4802307,194,42,0,0.0,0.0,0,0,0,0,0,0,60,0,12711.86441,0.0,0,31,7.75,15.5,240.25,0,0,0,0,1,0,0,0,0,10.33333333,10.33333333,0.0,0,0,0,0,0,0,3,31,0,0,255,-1,1,20,0.0,0.0,0,0,0.0,0.0,0,0
3199,443,6,90555,8,8,1818,3898,1078,0,227.25,360.6243594,1460,0,487.25,639.5062269,63121.85964,176.6882005,6037.0,9913.014,23138,9,69146,9878.0,11794.48771,23204,51,69067,9866.714286,12221.85528,23582,45,0,0,0,0,172,172,88.34410027,88.34410027,0,1460,336.2352941,510.1254171,260227.9412,0,0,1,1,0,0,0,1,1,357.25,227.25,487.25,0,0,0,0,0,0,8,1818,8,3898,8192,8046,5,20,0.0,0.0,0,0,0.0,0.0,0,0
3200,443,6,120,2,0,0,0,0,0,0.0,0.0,0,0,0.0,0.0,0.0,16666.66667,120.0,0.0,120,120,120,120.0,0.0,120,120,0,0.0,0.0,0,0,0,0,0,0,40,0,16666.66667,0.0,0,0,0.0,0.0,0.0,0,0,0,0,1,0,0,0,0,0.0,0.0,0.0,0,0,0,0,0,0,2,0,0,0,254,-1,0,20,0.0,0.0,0,0,0.0,0.0,0,0
3202,443,6,291,3,0,31,0,31,0,10.33333333,17.89785834,0,0,0.0,0.0,106529.2096,10309.27835,145.5,120.9152596,231,60,291,145.5,120.9152596,231,60,0,0.0,0.0,0,0,0,0,0,0,60,0,10309.27835,0.0,0,31,7.75,15.5,240.25,0,0,0,0,1,0,0,0,0,10.33333333,10.33333333,0.0,0,0,0,0,0,0,3,31,0,0,258,-1,1,20,0.0,0.0,0,0,0.0,0.0,0,0
3206,443,6,190,2,0,0,0,0,0,0.0,0.0,0,0,0.0,0.0,0.0,10526.31579,190.0,0.0,190,190,190,190.0,0.0,190,190,0,0.0,0.0,0,0,0,0,0,0,40,0,10526.31579,0.0,0,0,0.0,0.0,0.0,0,0,0,0,1,0,0,0,0,0.0,0.0,0.0,0,0,0,0,0,0,2,0,0,0,255,-1,0,20,0.0,0.0,0,0,0.0,0.0,0,0
3207,443,6,91937,8,8,1818,3898,1078,0,227.25,360.6243594,1460,0,487.25,639.5062269,62173.00978,174.0322177,6129.133333,10077.31167,23989,5,70598,10085.42857,12083.5988,24015,56,70178,10025.42857,12427.98197,24372,21,0,0,0,0,172,172,87.01610886,87.01610886,0,1460,336.2352941,510.1254171,260227.9412,0,0,1,1,0,0,0,1,1,357.25,227.25,487.25,0,0,0,0,0,0,8,1818,8,3898,8192,8046,5,20,0.0,0.0,0,0,0.0,0.0,0,0
3208,443,6,215,3,0,31,0,31,0,10.33333333,17.89785834,0,0,0.0,0.0,144186.0465,13953.48837,107.5,94.0452019,174,41,215,107.5,94.0452019,174,41,0,0.0,0.0,0,0,0,0,0,0,60,0,13953.48837,0.0,0,31,7.75,15.5,240.25,0,0,0,0,1,0,0,0,0,10.33333333,10.33333333,0.0,0,0,0,0,0,0,3,31,0,0,254,-1,1,20,0.0,0.0,0,0,0.0,0.0,0,0
3209,445,6,485640,3,1,0,0,0,0,0.0,0.0,0,0,0.0,0.0,0.0,8.236553826,161880.0,280335.0227,485583,0,485640,242820.0,343399.3372,485640,0,0,0.0,0.0,0,0,0,0,0,0,72,32,6.177415369,2.059138456,0,0,0.0,0.0,0.0,0,0,0,1,0,0,0,0,0,0.0,0.0,0.0,0,0,0,0,0,0,3,0,1,0,8192,8192,0,20,0.0,0.0,0,0,0.0,0.0,0,0
3211,443,6,159,2,0,0,0,0,0,0.0,0.0,0,0,0.0,0.0,0.0,12578.61635,159.0,0.0,159,159,159,159.0,0.0,159,159,0,0.0,0.0,0,0,0,0,0,0,40,0,12578.61635,0.0,0,0,0.0,0.0,0.0,0,0,0,0,1,0,0,0,0,0.0,0.0,0.0,0,0,0,0,0,0,2,0,0,0,258,-1,0,20,0.0,0.0,0,0,0.0,0.0,0,0
3212,445,6,273682,2,1,0,0,0,0,0.0,0.0,0,0,0.0,0.0,0.0,10.961627,136841.0,193440.3737,273624,58,273682,273682.0,0.0,273682,273682,0,0.0,0.0,0,0,0,0,0,0,52,32,7.307751332,3.653875666,0,0,0.0,0.0,0.0,0,0,0,1,0,0,0,0,0,0.0,0.0,0.0,0,0,0,0,0,0,2,0,1,0,8192,8192,0,20,0.0,0.0,0,0,0.0,0.0,0,0
3213,443,6,93569,6,7,718,3695,388,0,119.6666667,160.8983116,1460,0,527.8571429,675.6193279,47163.05614,138.9349037,7797.416667,11010.84271,23607,0,70821,14164.2,12254.02686,23996,258,71970,11995.0,13091.88472,24253,0,0,0,0,0,132,152,64.12380169,74.81110197,0,1460,315.2142857,519.8758992,270270.9505,0,0,1,1,0,0,0,1,1,339.4615385,119.6666667,527.8571429,0,0,0,0,0,0,6,718,7,3695,8192,7474,3,20,0.0,0.0,0,0,0.0,0.0,0,0
3214,443,6,215,3,0,31,0,31,0,10.33333333,17.89785834,0,0,0.0,0.0,144186.0465,13953.48837,107.5,74.24621202,160,55,215,107.5,74.24621202,160,55,0,0.0,0.0,0,0,0,0,0,0,60,0,13953.48837,0.0,0,31,7.75,15.5,240.25,0,0,0,0,1,0,0,0,0,10.33333333,10.33333333,0.0,0,0,0,0,0,0,3,31,0,0,258,-1,1,20,0.0,0.0,0,0,0.0,0.0,0,0
3215,443,6,92494,8,7,1815,3898,1077,0,226.875,360.2889465,1460,0,556.8571429,657.1971872,61766.16862,162.1726815,6606.714286,10361.63494,23553,1,70925,10132.14286,12124.5763,23576,49,70207,11701.16667,12718.19082,23981,1,0,0,0,0,172,152,86.49209678,75.68058469,0,1460,357.0625,519.1412741,269507.6625,0,0,1,1,0,0,0,1,0,380.8666667,226.875,556.8571429,0,0,0,0,0,0,8,1815,7,3898,8192,7599,5,20,0.0,0.0,0,0,0.0,0.0,0,0
3216,52608,6,110,1,3,0,31,0,0,0.0,0.0,31,0,10.33333333,17.89785834,281818.1818,36363.63636,36.66666667,19.85782801,59,21,0,0.0,0.0,0,0,89,44.5,20.50609665,59,30,0,0,0,0,20,60,9090.909091,27272.72727,0,31,6.2,13.86362146,192.2,0,0,0,0,1,0,0,0,3,7.75,0.0,10.33333333,0,0,0,0,0,0,1,0,3,31,8192,257,0,20,0.0,0.0,0,0,0.0,0.0,0,0
3218,443,6,230,2,0,0,0,0,0,0.0,0.0,0,0,0.0,0.0,0.0,8695.652174,230.0,0.0,230,230,230,230.0,0.0,230,230,0,0.0,0.0,0,0,0,0,0,0,40,0,8695.652174,0.0,0,0,0.0,0.0,0.0,0,0,0,0,1,0,0,0,0,0.0,0.0,0.0,0,0,0,0,0,0,2,0,0,0,255,-1,0,20,0.0,0.0,0,0,0.0,0.0,0,0
3220,443,6,215,2,0,0,0,0,0,0.0,0.0,0,0,0.0,0.0,0.0,9302.325581,215.0,0.0,215,215,215,215.0,0.0,215,215,0,0.0,0.0,0,0,0,0,0,0,40,0,9302.325581,0.0,0,0,0.0,0.0,0.0,0,0,0,0,1,0,0,0,0,0.0,0.0,0.0,0,0,0,0,0,0,2,0,0,0,255,-1,0,20,0.0,0.0,0,0,0.0,0.0,0,0
3222,443,6,117,2,0,0,0,0,0,0.0,0.0,0,0,0.0,0.0,0.0,17094.01709,117.0,0.0,117,117,117,117.0,0.0,117,117,0,0.0,0.0,0,0,0,0,0,0,40,0,17094.01709,0.0,0,0,0.0,0.0,0.0,0,0,0,0,1,0,0,0,0,0.0,0.0,0.0,0,0,0,0,0,0,2,0,0,0,255,-1,0,20,0.0,0.0,0,0,0.0,0.0,0,0
3224,443,6,276,3,0,31,0,31,0,10.33333333,17.89785834,0,0,0.0,0.0,112318.8406,10869.56522,138.0,114.5512986,219,57,276,138.0,114.5512986,219,57,0,0.0,0.0,0,0,0,0,0,0,60,0,10869.56522,0.0,0,31,7.75,15.5,240.25,0,0,0,0,1,0,0,0,0,10.33333333,10.33333333,0.0,0,0,0,0,0,0,3,31,0,0,258,-1,1,20,0.0,0.0,0,0,0.0,0.0,0,0
3226,443,6,274,3,0,31,0,31,0,10.33333333,17.89785834,0,0,0.0,0.0,113138.6861,10948.90511,137.0,114.5512986,218,56,274,137.0,114.5512986,218,56,0,0.0,0.0,0,0,0,0,0,0,60,0,10948.90511,0.0,0,31,7.75,15.5,240.25,0,0,0,0,1,0,0,0,0,10.33333333,10.33333333,0.0,0,0,0,0,0,0,3,31,0,0,255,-1,1,20,0.0,0.0,0,0,0.0,0.0,0,0
3227,445,6,628530,3,1,0,0,0,0,0.0,0.0,0,0,0.0,0.0,0.0,6.364055813,209510.0,362836.0662,628477,1,628530,314265.0,444436.411,628529,1,0,0.0,0.0,0,0,0,0,0,0,72,32,4.77304186,1.591013953,0,0,0.0,0.0,0.0,0,0,0,1,0,0,0,0,0,0.0,0.0,0.0,0,0,0,0,0,0,3,0,1,0,8192,8192,0,20,0.0,0.0,0,0,0.0,0.0,0,0
3229,443,6,246,3,0,31,0,31,0,10.33333333,17.89785834,0,0,0.0,0.0,126016.2602,12195.12195,123.0,89.09545443,186,60,246,123.0,89.09545443,186,60,0,0.0,0.0,0,0,0,0,0,0,60,0,12195.12195,0.0,0,31,7.75,15.5,240.25,0,0,0,0,1,0,0,0,0,10.33333333,10.33333333,0.0,0,0,0,0,0,0,3,31,0,0,258,-1,1,20,0.0,0.0,0,0,0.0,0.0,0,0
